323,340,0,296,364,0,283,391,-7,277,413,-16,278,428,-26,318,432,-10,318,458,-21,302,457,-26,291,449,-29,331,424,-21,322,444,-35,305,436,-41,296,425,-45,341,408,-31,315,412,-44,296,397,-44,288,383,-43,347,387,-42,321,388,-51,304,381,-52,296,372,-51
367,342,0,342,356,4,330,383,1,325,402,-5,320,416,-13,336,431,7,325,463,-2,310,475,-12,296,478,-18,348,435,-5,344,474,-19,328,490,-34,310,494,-43,361,432,-20,362,472,-34,349,489,-46,335,496,-55,374,423,-35,382,453,-48,378,473,-58,370,488,-65
377,338,0,345,358,2,328,388,2,317,412,0,305,430,-3,337,424,11,329,456,7,321,476,2,313,490,-1,350,428,3,343,462,0,333,483,-7,323,498,-14,365,426,-5,362,461,-9,355,483,-17,348,498,-24,380,421,-14,382,449,-20,378,469,-26,373,485,-31
415,346,0,383,374,16,373,411,19,364,437,15,351,461,9,385,435,15,384,470,5,377,494,-4,369,513,-12,394,434,-3,396,474,-18,385,498,-33,373,514,-44,404,428,-22,409,466,-38,397,487,-51,385,500,-58,414,418,-40,421,448,-55,414,466,-63,406,478,-70
430,339,0,401,356,-9,384,389,-11,376,417,-13,369,439,-16,380,414,0,369,441,-4,361,457,-8,355,470,-11,395,420,0,392,453,-3,388,473,-10,384,491,-16,412,420,-2,412,452,-7,410,472,-15,407,489,-21,430,416,-6,433,442,-11,433,456,-17,432,468,-21
432,341,0,402,357,-1,385,390,-4,377,418,-6,371,439,-8,386,408,-16,372,440,-25,363,459,-30,356,472,-33,402,415,-19,396,455,-30,389,481,-37,382,501,-43,418,418,-21,415,455,-32,409,480,-39,404,499,-44,433,417,-23,432,445,-32,430,462,-37,427,475,-41
377,347,0,348,364,-6,333,400,-9,328,431,-13,323,457,-18,340,427,2,336,454,-5,329,471,-13,323,484,-19,355,431,-2,354,465,-11,347,487,-24,339,505,-34,370,429,-9,370,462,-20,363,483,-33,357,498,-42,385,421,-17,385,447,-29,381,464,-38,376,478,-45
335,339,0,305,367,3,293,400,-5,288,424,-16,284,440,-26,328,436,-24,319,464,-38,296,462,-44,281,453,-47,340,427,-36,323,450,-53,298,440,-56,285,425,-57,347,410,-47,318,418,-60,296,405,-56,287,392,-52,348,389,-59,320,391,-68,303,383,-64,296,373,-61
339,338,0,306,369,6,293,401,-2,284,425,-14,274,442,-26,326,437,-19,318,466,-37,298,466,-45,285,459,-50,340,427,-36,320,447,-55,296,436,-60,285,422,-62,347,410,-51,318,417,-66,295,404,-63,286,392,-61,350,389,-66,323,392,-77,304,384,-74,296,376,-72
376,337,0,348,351,-8,334,377,-12,328,398,-17,320,414,-23,337,422,12,332,451,8,326,469,1,321,482,-4,351,425,9,348,457,6,342,476,-3,336,491,-12,366,425,3,366,457,0,363,477,-10,359,492,-19,381,421,-4,384,447,-9,384,464,-16,381,480,-22
376,342,0,347,355,-5,331,381,-8,324,405,-13,317,423,-19,335,425,0,328,459,-6,318,478,-13,309,490,-19,349,429,-4,342,464,-10,330,484,-21,319,497,-30,364,428,-9,361,463,-16,353,483,-28,345,495,-36,380,421,-16,382,450,-24,379,469,-32,374,484,-39
416,347,0,384,371,16,375,406,19,367,432,16,357,455,11,386,433,15,381,464,7,371,486,-1,361,504,-8,396,434,-2,397,473,-15,385,499,-29,371,517,-39,407,429,-20,410,467,-36,397,490,-47,384,504,-54,417,420,-38,421,451,-53,412,468,-61,402,479,-67
429,342,0,400,359,-11,384,392,-15,376,422,-18,369,445,-21,381,418,-4,371,446,-11,364,463,-16,358,476,-19,397,424,-4,395,458,-9,391,480,-18,388,498,-24,414,423,-4,415,455,-12,412,476,-21,409,493,-27,432,418,-7,434,442,-14,433,456,-20,432,468,-25
431,343,0,402,359,-11,384,395,-19,373,426,-25,366,450,-33,389,417,-27,381,454,-42,373,477,-52,365,495,-59,404,422,-29,399,464,-46,390,493,-60,381,516,-71,418,421,-31,416,459,-49,408,484,-62,401,503,-71,432,416,-34,431,445,-49,428,461,-60,423,473,-67
381,348,0,348,365,2,336,399,-2,330,427,-9,324,453,-17,348,427,-8,339,457,-22,327,473,-32,315,482,-40,361,429,-20,357,469,-37,345,496,-53,331,516,-65,374,425,-31,373,465,-49,361,490,-62,349,506,-71,386,416,-43,385,445,-58,379,464,-68,372,479,-75
332,341,0,302,368,4,288,399,0,281,422,-8,275,441,-15,327,436,-14,317,464,-22,296,461,-24,283,454,-25,338,429,-24,317,451,-33,294,444,-33,282,434,-33,344,413,-34,315,427,-41,295,420,-37,287,412,-36,345,395,-44,318,402,-48,302,399,-46,295,393,-45
343,334,0,311,354,5,297,383,2,293,406,-4,289,421,-11,317,428,0,315,458,-8,301,463,-11,293,459,-13,329,425,-12,323,456,-25,306,455,-30,299,448,-33,339,414,-24,327,436,-37,307,430,-38,298,421,-38,346,396,-37,327,408,-46,308,402,-47,297,393,-46
358,332,0,325,358,18,315,394,22,313,422,23,309,446,22,330,416,0,327,458,-6,322,487,-10,317,511,-14,335,415,-14,332,460,-22,327,491,-28,322,517,-33,338,411,-25,334,454,-34,328,482,-39,324,504,-43,337,403,-36,332,429,-44,327,448,-48,322,466,-52
316,362,0,305,379,14,302,404,15,303,424,11,306,446,4,299,443,0,301,484,-10,303,512,-18,306,538,-25,302,444,-16,304,491,-29,307,524,-39,311,552,-47,305,439,-31,305,484,-44,308,515,-52,311,540,-58,308,430,-44,306,463,-58,306,486,-65,308,505,-71
349,361,0,322,390,40,315,423,53,310,447,58,305,469,60,329,447,26,320,487,25,314,514,24,310,538,23,331,446,1,321,494,-4,317,525,-7,316,552,-9,328,441,-20,320,488,-27,317,517,-27,316,541,-26,321,432,-39,316,467,-47,315,491,-48,316,511,-48
345,360,0,314,393,37,306,423,50,302,447,54,297,466,56,323,447,25,315,488,22,310,514,21,306,539,19,327,445,0,318,495,-8,315,527,-12,315,555,-14,327,439,-23,320,489,-33,317,519,-35,317,544,-35,321,429,-43,317,467,-54,316,491,-56,318,513,-58
350,360,0,318,391,37,309,422,49,304,444,52,300,461,53,327,448,23,319,488,19,313,515,16,310,539,13,330,446,-2,321,494,-11,317,525,-15,316,552,-18,330,439,-25,322,487,-35,318,517,-37,317,540,-37,323,429,-45,319,465,-55,317,489,-57,318,510,-59
348,357,0,320,390,36,312,423,46,308,447,48,303,468,48,328,447,19,318,487,15,313,514,11,311,539,8,330,444,-5,319,492,-14,315,523,-19,316,551,-23,328,437,-27,319,486,-37,316,514,-39,317,538,-39,321,427,-46,316,461,-56,315,484,-58,315,505,-60
348,358,0,320,391,39,312,424,50,307,448,53,302,469,53,326,447,21,317,488,16,312,514,13,310,539,10,328,445,-5,318,493,-15,315,523,-19,316,551,-23,327,438,-28,319,485,-38,316,514,-39,317,537,-40,321,427,-48,317,461,-58,316,484,-60,317,505,-61
348,355,0,321,386,38,314,418,50,310,441,53,304,463,54,328,443,22,320,485,19,314,512,17,311,537,14,330,441,-2,320,491,-11,316,523,-15,314,551,-18,328,435,-25,319,485,-34,316,515,-35,315,540,-35,321,427,-45,315,462,-53,312,487,-55,311,508,-57
347,355,0,316,385,35,308,416,45,304,439,47,300,460,47,325,444,21,318,485,17,313,512,14,311,537,11,328,442,-3,320,491,-12,316,522,-16,314,550,-19,328,436,-25,320,485,-34,317,514,-36,316,538,-37,322,427,-44,317,463,-53,315,486,-56,315,508,-57
346,357,0,314,389,37,306,420,48,301,444,49,295,464,48,322,446,21,315,486,15,312,513,11,311,537,7,325,444,-5,317,491,-16,315,522,-22,316,550,-26,325,437,-29,319,484,-41,317,512,-43,319,536,-44,321,427,-50,317,461,-61,317,484,-64,319,504,-66
432,364,0,440,401,39,453,433,53,461,455,58,468,473,61,464,448,26,473,487,24,473,515,22,474,538,20,467,446,1,476,489,-5,477,520,-8,478,546,-11,470,440,-19,477,484,-26,476,514,-26,474,537,-25,469,432,-38,475,467,-44,475,491,-45,474,510,-45
207,362,0,201,394,9,182,420,12,162,438,13,145,453,15,165,419,-1,137,441,-2,121,455,-1,109,465,0,156,406,-6,129,431,-9,111,446,-8,96,460,-8,148,390,-9,123,415,-10,106,432,-7,94,446,-5,141,373,-11,120,394,-12,109,408,-9,99,419,-7
206,367,0,189,381,7,166,401,9,147,422,11,131,441,12,157,412,-7,130,435,-8,114,449,-6,102,459,-4,156,410,-9,127,434,-12,109,448,-10,95,461,-7,155,403,-10,128,425,-12,110,441,-7,99,454,-3,156,393,-9,133,411,-10,120,425,-7,111,436,-4
294,395,0,263,402,-7,247,417,-7,237,435,-7,230,452,-7,249,426,12,239,446,15,232,461,13,228,472,11,261,432,15,251,454,19,243,469,13,238,481,8,272,437,17,264,456,18,256,469,11,251,478,6,283,441,16,277,456,17,273,464,13,271,469,10
300,393,0,269,399,-4,250,414,-1,239,432,0,235,449,2,251,427,19,240,449,25,231,463,25,225,475,25,263,433,20,251,456,27,241,471,25,234,482,22,275,438,20,265,457,24,255,471,19,249,481,15,287,440,19,280,454,20,275,461,17,273,466,15
300,387,0,299,408,12,289,426,19,276,437,23,267,443,27,273,431,10,260,450,12,250,464,14,244,475,15,266,426,4,252,448,5,243,464,5,236,477,5,258,419,0,246,441,0,237,456,0,230,468,0,252,411,-5,241,427,-5,235,438,-4,230,447,-4
325,414,0,348,421,11,363,441,13,369,462,14,370,478,14,364,449,-13,377,480,-18,384,503,-20,387,520,-22,355,456,-20,369,488,-28,376,512,-31,381,530,-34,346,461,-24,360,492,-31,369,514,-33,375,531,-35,337,465,-27,349,488,-33,358,505,-36,364,519,-37
283,463,0,287,494,9,283,523,5,275,544,0,270,557,-4,266,536,-12,248,567,-19,237,583,-22,229,594,-24,253,525,-21,223,558,-32,208,574,-35,199,586,-36,240,509,-27,212,526,-32,217,517,-23,227,509,-16,230,490,-34,209,502,-35,215,497,-27,226,492,-21
284,461,0,290,493,13,286,524,9,280,547,2,275,563,-2,268,534,-19,252,570,-30,246,594,-35,242,611,-39,252,524,-29,221,559,-43,204,581,-47,192,597,-49,239,507,-35,210,527,-38,216,520,-25,227,512,-17,228,488,-40,210,501,-37,217,497,-26,228,492,-19
319,431,0,307,466,-6,312,495,-12,324,521,-18,333,545,-23,352,509,-13,375,545,-20,387,566,-24,396,583,-26,368,496,-15,399,529,-25,417,548,-30,430,563,-33,377,480,-17,404,499,-26,412,501,-26,416,502,-25,380,462,-19,402,474,-26,406,476,-26,407,476,-25
290,473,0,293,508,12,288,544,9,284,573,4,289,595,-2,261,556,-4,238,587,-8,225,607,-12,215,623,-15,249,543,-15,222,554,-18,230,544,-16,239,538,-15,238,526,-23,215,532,-22,226,522,-15,239,516,-11,230,506,-31,209,516,-28,218,510,-21,231,506,-16
311,453,0,303,486,-18,302,520,-31,302,550,-44,304,576,-56,357,523,-16,387,551,-27,404,567,-36,419,580,-44,372,506,-17,414,523,-32,440,534,-44,461,542,-53,379,487,-20,402,497,-34,389,491,-38,379,487,-39,379,467,-27,401,476,-38,391,473,-41,380,470,-41
299,466,0,297,502,9,286,537,7,279,565,2,280,589,-2,258,538,8,232,551,8,218,553,8,211,552,7,247,522,0,219,530,0,228,522,0,242,517,0,237,503,-9,212,512,-8,222,506,-5,236,503,-4,230,482,-18,205,492,-16,210,493,-13,221,493,-10
329,453,0,326,482,-13,337,512,-22,350,537,-31,357,557,-41,373,515,-10,402,536,-19,420,550,-27,434,560,-32,382,500,-10,408,514,-24,402,511,-30,394,505,-31,386,482,-11,407,494,-24,399,490,-27,390,484,-27,386,463,-15,403,473,-22,397,470,-24,389,464,-23
300,463,0,298,499,2,286,533,0,280,560,-8,281,584,-16,254,534,23,234,550,19,222,554,12,214,555,6,245,519,14,222,531,5,233,523,-6,247,517,-11,236,502,3,214,514,-4,226,509,-13,241,505,-17,230,483,-9,207,492,-12,215,493,-16,227,492,-18
289,439,0,291,474,-1,278,508,-3,269,535,-6,266,557,-8,240,504,15,213,517,19,214,515,23,225,513,26,231,488,12,205,499,14,212,493,12,224,488,12,224,469,9,200,480,10,208,476,7,220,472,6,221,449,5,198,457,7,203,457,6,214,457,7
319,441,0,318,469,-7,330,496,-9,346,516,-10,359,532,-11,366,497,8,387,513,9,400,522,10,411,529,10,376,484,10,398,497,14,406,502,14,410,506,14,381,469,11,401,476,14,403,478,14,402,479,15,381,453,11,397,456,13,398,457,15,395,457,16
290,416,0,289,450,-1,275,481,-3,263,506,-6,255,527,-7,234,472,6,204,479,13,210,473,21,221,471,26,226,454,4,195,462,8,205,455,12,218,452,17,221,435,3,193,442,6,202,437,10,214,436,13,220,414,2,195,419,5,201,418,8,210,418,12
291,412,0,290,447,-2,276,479,-3,264,505,-6,256,526,-7,235,467,14,209,475,21,206,477,26,208,478,29,226,451,14,197,458,18,203,454,21,215,452,24,220,433,12,194,440,16,201,436,18,212,434,21,218,413,10,194,418,14,200,417,17,210,417,20
309,442,0,320,472,-5,340,496,-9,358,516,-15,368,535,-20,375,487,1,399,498,0,391,498,2,379,493,3,381,471,-1,405,479,-6,395,479,-9,382,475,-10,383,453,-5,407,457,-9,397,459,-9,384,456,-9,382,434,-10,403,433,-11,397,435,-9,386,435,-8
291,389,0,289,422,-7,272,449,-9,253,465,-11,237,478,-11,237,438,15,211,446,19,217,446,24,228,444,27,231,422,17,203,432,16,213,430,14,227,426,16,227,405,17,201,415,16,210,414,13,221,410,14,226,387,17,203,395,18,207,397,17,216,396,18
296,376,0,291,402,4,275,422,5,258,433,6,243,438,8,248,414,3,224,425,7,219,429,12,221,430,17,240,399,2,215,409,3,212,410,7,215,410,12,235,382,1,210,392,3,209,392,8,214,392,12,234,366,1,212,373,3,210,375,7,214,376,11
311,381,0,317,411,-6,334,436,-10,356,450,-15,376,458,-19,368,431,8,388,445,6,381,449,5,371,448,4,375,419,5,397,433,0,388,437,-6,374,435,-10,380,405,2,400,415,-2,392,419,-8,378,416,-11,381,388,-2,399,396,-5,393,399,-7,382,398,-9
289,375,0,285,401,1,269,424,0,249,438,-1,229,443,-2,245,414,-9,217,425,-5,222,424,3,235,421,10,237,397,-10,209,408,-10,216,406,-3,229,402,3,232,380,-9,207,391,-8,214,389,-1,225,386,4,230,364,-7,209,372,-6,212,372,-1,221,371,3
328,418,0,323,454,-4,334,482,-4,355,502,-6,376,514,-6,377,482,19,400,501,26,394,499,32,386,493,36,388,468,18,412,485,20,405,485,19,396,479,20,394,451,15,414,462,15,406,461,13,396,456,13,397,431,10,414,438,11,407,439,11,396,437,12
276,433,0,282,460,-2,275,487,-3,264,503,-5,254,511,-5,243,494,2,222,512,5,229,510,10,242,504,13,230,480,1,208,501,0,216,496,-1,230,488,0,220,464,1,202,482,0,211,477,0,224,470,0,215,445,0,201,457,0,206,457,0,216,454,0
279,481,0,291,518,22,281,550,38,266,573,50,258,590,63,249,563,45,229,579,64,217,590,75,210,596,82,228,554,40,210,573,62,202,580,72,197,585,78,213,538,36,204,542,59,211,533,69,220,525,74,202,518,32,198,520,52,207,513,61,216,507,68
304,394,0,310,422,-11,329,453,-21,339,481,-32,341,504,-43,372,450,-17,409,467,-28,431,478,-36,449,486,-42,379,436,-21,422,452,-33,448,463,-42,469,473,-50,379,419,-25,403,420,-34,388,413,-33,376,408,-32,373,401,-33,391,399,-39,381,395,-39,371,393,-37
303,394,0,308,425,-6,326,456,-16,338,481,-28,341,505,-39,372,451,-10,410,468,-22,431,479,-30,449,487,-36,381,434,-17,423,452,-30,448,464,-38,469,473,-45,382,414,-25,404,417,-32,385,412,-28,371,410,-24,378,392,-35,396,391,-39,383,390,-35,371,392,-31
303,402,0,309,431,-7,326,461,-18,337,486,-30,339,510,-40,370,458,-13,409,477,-25,429,488,-33,447,498,-39,378,443,-20,421,460,-33,446,472,-41,466,483,-49,379,425,-27,402,426,-35,384,418,-32,370,414,-29,374,405,-36,392,403,-42,380,401,-40,368,401,-37
307,401,0,311,432,-8,327,462,-19,336,487,-32,340,509,-43,371,459,-16,409,478,-28,431,489,-37,449,498,-43,380,443,-22,422,461,-35,447,472,-44,468,482,-51,382,424,-27,402,427,-36,386,421,-33,372,417,-30,377,403,-36,392,404,-42,380,403,-40,369,404,-37
301,405,0,305,434,-9,322,464,-19,334,489,-31,337,512,-41,367,461,-14,406,481,-26,427,493,-33,445,502,-40,376,446,-19,420,466,-33,444,478,-41,464,489,-48,379,427,-25,401,431,-34,383,426,-30,369,423,-26,375,406,-33,395,407,-40,382,405,-36,370,405,-33
303,405,0,306,433,-11,323,464,-22,334,489,-35,337,512,-47,370,461,-14,407,481,-28,428,493,-38,446,502,-45,378,446,-20,420,466,-36,444,479,-47,465,490,-55,379,426,-27,401,432,-40,380,427,-38,365,424,-35,374,406,-37,393,407,-46,380,405,-45,367,405,-42
306,401,0,309,431,-10,325,462,-21,336,485,-33,340,506,-44,368,461,-16,405,481,-28,427,492,-37,446,501,-44,378,445,-22,418,464,-36,443,477,-46,464,488,-55,379,427,-28,400,431,-40,385,422,-40,374,417,-40,375,408,-37,388,412,-46,377,414,-47,366,416,-47
305,403,0,308,433,-9,324,463,-20,334,489,-31,338,511,-40,368,462,-15,406,481,-26,427,492,-33,445,502,-39,377,447,-19,419,465,-32,444,477,-40,464,488,-47,379,428,-23,402,431,-32,385,424,-29,372,421,-26,375,408,-30,394,408,-36,383,406,-34,371,406,-31
303,400,0,308,430,-6,325,460,-16,336,485,-28,339,508,-38,370,457,-10,409,475,-22,430,486,-30,448,495,-36,379,442,-17,422,460,-31,448,472,-39,468,482,-47,380,423,-25,403,424,-33,386,418,-30,371,415,-27,375,403,-35,393,400,-41,381,398,-38,369,398,-35
302,396,0,308,427,-9,326,456,-20,338,481,-32,342,505,-43,373,451,-12,410,468,-24,431,479,-32,449,487,-39,381,435,-18,423,452,-32,447,463,-41,468,473,-48,381,415,-25,405,418,-35,386,414,-31,372,413,-28,375,394,-35,395,393,-41,382,392,-38,369,395,-35
286,375,0,284,411,2,269,445,0,253,471,-5,242,492,-9,221,445,5,182,463,3,158,474,0,140,483,-2,209,429,-1,165,448,-5,138,460,-11,117,471,-15,204,407,-7,178,408,-8,196,400,-3,210,398,1,204,383,-15,181,385,-15,192,383,-10,205,383,-5
310,401,0,316,431,-6,338,462,-14,351,491,-25,355,515,-34,387,456,-5,425,476,-14,448,488,-21,466,495,-27,397,440,-11,441,458,-22,468,469,-30,489,479,-37,397,420,-19,421,426,-27,402,422,-24,387,420,-21,390,398,-30,410,401,-35,398,400,-32,385,399,-29
284,384,0,282,420,4,263,456,3,246,481,-1,240,504,-5,219,455,10,179,473,7,157,485,4,139,494,0,207,439,1,163,458,-2,138,471,-9,116,482,-16,201,418,-7,176,419,-10,194,411,-8,209,410,-5,199,395,-18,179,397,-21,191,397,-18,205,399,-15
305,424,0,307,451,-13,319,481,-27,326,508,-41,330,530,-54,365,479,-21,401,499,-36,421,511,-46,438,520,-54,374,463,-25,414,481,-41,437,494,-52,456,504,-61,375,444,-30,396,449,-41,379,444,-41,366,441,-40,371,424,-37,388,424,-46,377,422,-45,365,422,-44
292,415,0,292,447,-4,279,479,-13,264,504,-23,254,524,-31,235,482,-9,198,502,-18,175,514,-25,156,522,-31,224,468,-14,181,487,-26,155,500,-36,133,510,-43,219,448,-19,190,446,-27,207,439,-23,221,439,-18,219,425,-26,193,426,-30,206,424,-26,220,425,-22
291,413,0,290,446,-4,277,480,-14,264,506,-25,256,529,-35,234,481,-9,197,501,-19,174,513,-28,154,522,-35,223,465,-15,182,486,-29,155,499,-40,133,510,-48,218,445,-21,191,447,-31,207,440,-28,220,438,-24,217,422,-29,193,426,-35,204,424,-32,217,425,-28
305,421,0,305,449,-8,316,483,-18,322,511,-29,323,535,-39,359,483,-14,394,504,-25,415,516,-33,433,525,-40,368,468,-19,408,488,-31,431,501,-40,450,512,-48,371,449,-25,391,453,-32,374,446,-30,361,443,-28,369,428,-33,385,429,-38,372,426,-36,360,425,-34
302,415,0,265,418,-6,232,432,-16,214,449,-29,216,468,-43,229,469,-28,195,497,-47,174,514,-59,156,524,-69,245,480,-40,206,507,-66,177,523,-83,155,535,-97,268,483,-52,259,515,-81,266,525,-96,270,534,-105,293,481,-64,302,513,-90,312,527,-103,317,539,-111
289,423,0,290,452,-13,302,485,-25,309,513,-38,310,539,-49,348,486,-16,385,508,-28,406,522,-37,424,532,-45,358,471,-19,398,492,-33,423,505,-44,444,517,-52,362,451,-23,380,454,-32,363,447,-31,349,445,-29,361,430,-30,377,431,-36,364,429,-35,352,428,-33
282,429,0,283,457,-17,293,488,-30,300,514,-43,304,537,-56,342,489,-18,377,512,-30,398,526,-39,416,537,-47,352,475,-20,392,497,-33,416,511,-44,434,524,-54,355,459,-23,377,464,-33,364,454,-36,354,449,-37,352,441,-29,370,442,-37,361,437,-38,350,434,-39
278,430,0,276,461,-15,286,494,-28,291,523,-42,289,548,-55,332,496,-16,366,519,-30,386,533,-41,404,545,-50,343,481,-20,382,505,-36,407,520,-50,428,533,-61,348,463,-26,370,470,-40,358,461,-44,348,456,-45,345,443,-35,365,445,-45,357,441,-47,347,439,-48
301,428,0,306,465,15,300,499,15,290,526,12,289,544,11,260,507,2,223,528,-1,200,543,-5,182,555,-9,241,494,-6,205,515,-9,182,531,-13,162,545,-17,227,474,-13,211,473,-3,225,463,6,238,457,11,218,451,-20,208,452,-8,220,447,1,232,446,7
312,436,0,312,473,2,302,508,-3,293,536,-12,291,557,-20,261,514,-1,227,537,-10,206,551,-17,189,563,-24,249,498,-10,214,524,-20,192,541,-29,174,555,-36,242,478,-18,214,487,-23,229,479,-19,243,474,-15,238,454,-27,212,463,-30,221,462,-25,232,461,-20
313,439,0,318,476,5,311,509,2,300,533,-2,291,552,-5,271,515,3,244,539,0,228,554,-3,213,567,-8,257,503,-2,224,529,-9,202,548,-16,184,564,-21,247,485,-7,221,491,-8,230,483,-1,240,479,3,240,462,-13,217,468,-11,224,465,-4,233,463,1
311,445,0,314,476,-17,310,511,-29,303,539,-40,295,563,-49,272,514,-22,242,540,-34,223,556,-43,208,568,-51,260,501,-19,225,529,-35,203,547,-49,183,562,-58,252,485,-18,225,495,-30,233,485,-32,242,481,-33,245,464,-18,224,473,-27,226,469,-29,232,468,-29
313,441,0,326,476,8,323,509,9,314,534,7,308,554,7,286,515,10,268,540,11,260,554,11,255,563,9,268,506,4,239,537,1,220,557,-3,205,574,-8,254,491,-1,233,512,0,239,509,3,247,506,5,242,470,-7,227,487,-6,233,487,-2,241,485,0
307,445,0,317,480,17,314,513,19,307,538,19,306,552,19,282,523,1,252,552,0,233,570,-3,218,585,-7,261,512,-5,233,542,-7,214,564,-11,197,582,-15,245,496,-9,232,508,2,243,498,15,253,490,20,232,476,-13,225,488,1,236,483,13,245,476,19
306,448,0,311,484,10,300,515,7,281,535,3,266,550,0,282,522,-12,252,553,-19,235,572,-24,221,588,-28,268,510,-19,240,544,-28,222,566,-33,207,583,-36,255,494,-23,232,512,-20,241,506,-8,251,498,-1,244,475,-26,226,493,-20,234,491,-9,243,485,-2
307,452,0,316,486,13,312,516,11,302,537,9,296,547,7,288,525,-15,258,555,-22,239,574,-26,224,590,-31,268,513,-22,239,544,-28,220,566,-31,204,585,-35,251,496,-23,234,509,-14,244,500,0,254,493,6,238,478,-25,226,490,-11,236,485,1,246,479,8
295,448,0,305,480,7,303,514,5,296,540,2,293,560,0,281,522,-3,255,544,-6,240,557,-11,226,568,-15,264,511,-8,239,531,-11,221,545,-17,206,555,-22,250,496,-11,236,502,-7,245,492,0,253,484,1,238,478,-15,228,484,-9,236,478,-3,244,472,0
306,439,0,317,471,-6,312,500,-7,300,522,-9,291,541,-10,276,504,16,268,514,22,271,512,24,276,508,25,264,492,17,254,501,21,257,497,17,262,491,14,254,476,16,244,486,19,248,481,15,255,476,11,247,460,15,235,468,17,239,466,15,246,463,14
475,440,0,501,465,10,510,492,18,505,514,26,495,526,34,484,515,18,476,537,29,478,545,38,481,546,45,464,512,17,460,533,27,462,541,35,466,542,41,444,503,16,440,526,26,442,532,32,447,531,37,426,491,17,421,511,24,422,517,30,427,516,34
497,441,0,524,464,7,536,491,13,535,516,17,529,537,22,516,506,24,514,529,33,516,541,39,518,549,43,498,505,22,499,528,31,502,541,35,505,550,38,479,500,20,480,523,27,483,534,31,488,540,33,460,493,17,460,513,22,465,524,25,470,531,28
493,444,0,523,470,5,532,500,14,532,525,21,535,549,28,514,510,39,511,529,59,509,539,72,507,541,80,496,506,43,492,527,66,491,537,78,491,539,86,478,500,46,472,520,67,471,530,78,472,533,84,462,493,48,456,509,65,453,518,74,451,523,81
491,444,0,527,469,8,535,500,15,533,527,20,535,551,26,510,513,33,506,533,49,509,540,61,511,540,68,491,509,32,488,530,50,492,538,60,496,539,66,472,502,31,469,524,48,472,531,57,476,532,62,455,494,30,451,512,43,452,520,51,453,522,57
488,443,0,523,471,3,534,502,11,537,529,18,546,555,25,507,515,49,503,532,70,503,541,82,503,545,90,489,509,53,485,527,79,487,536,91,489,541,99,471,501,56,468,518,80,469,527,91,471,533,98,456,492,57,453,506,76,452,515,87,451,522,95
493,443,0,523,470,4,532,501,11,535,529,16,542,553,21,507,516,33,500,534,50,496,541,61,493,543,68,488,510,35,482,527,55,480,534,65,478,537,71,470,501,37,464,518,55,462,526,64,460,528,68,454,491,38,449,506,53,446,513,61,443,517,67
501,436,0,531,465,5,542,501,11,548,531,14,561,554,19,518,520,29,509,542,44,507,546,55,509,547,62,498,514,28,491,536,45,492,540,54,494,542,59,478,505,27,474,526,42,475,532,50,478,535,53,460,495,25,457,515,37,459,521,43,463,525,48
504,430,0,536,458,17,553,495,22,561,529,24,578,550,28,540,520,0,517,550,14,511,539,31,512,525,42,515,518,-7,496,547,7,493,535,23,497,521,33,490,513,-11,477,539,5,476,529,20,481,516,26,468,506,-13,460,531,0,462,523,12,467,512,18
453,422,0,485,439,5,506,472,5,517,503,6,534,521,7,494,497,-6,476,530,2,465,519,15,464,505,23,471,497,-9,451,529,-2,441,517,7,443,503,14,449,493,-9,432,520,-3,425,509,4,427,495,9,430,485,-9,418,507,-4,415,499,1,416,488,6
455,429,0,491,446,8,513,479,10,526,510,11,543,527,14,501,507,-2,485,536,8,478,523,23,479,508,31,476,509,-6,461,537,4,457,524,16,459,510,23,452,507,-7,441,533,5,439,522,15,442,508,20,429,503,-6,423,527,3,422,518,12,424,507,18
455,429,0,491,446,8,513,479,10,526,510,11,543,528,14,501,507,-2,485,536,9,478,523,23,479,508,31,476,509,-6,461,537,4,457,524,16,460,510,23,452,507,-6,441,533,5,439,522,15,442,508,20,430,503,-6,423,527,3,422,519,12,424,507,18
460,434,0,496,453,10,519,487,12,532,519,12,550,537,14,507,515,0,488,547,10,481,536,24,482,521,32,483,516,-5,466,546,6,461,534,18,464,519,24,458,514,-8,446,542,5,444,530,16,447,516,20,435,509,-9,427,536,1,426,529,10,427,519,16
465,442,0,500,459,8,522,494,8,535,527,8,553,544,9,511,522,-4,493,555,5,487,542,19,488,527,27,486,523,-9,469,554,0,465,541,11,469,527,18,462,521,-12,450,550,-1,447,538,9,451,525,15,439,518,-13,432,544,-4,431,534,5,434,522,11
465,442,0,500,459,8,522,494,8,535,527,7,553,544,9,511,522,-4,493,555,5,487,542,19,488,527,26,486,523,-10,470,554,0,466,541,11,469,527,18,462,521,-12,450,550,-1,447,538,9,451,525,15,439,518,-14,432,544,-4,431,535,4,434,523,10
454,448,0,489,469,9,511,506,10,525,538,9,542,558,9,498,528,0,492,572,1,490,597,3,488,617,3,474,530,-4,466,572,-1,460,593,2,456,608,3,450,528,-6,442,557,4,445,548,16,448,535,24,428,523,-8,426,548,3,430,540,14,432,529,22
454,451,0,490,471,9,510,509,8,520,543,6,534,564,6,492,533,-10,487,579,-11,485,607,-10,482,629,-11,467,537,-13,467,587,-14,469,618,-12,468,642,-12,443,535,-12,445,569,-2,450,558,12,451,544,21,420,530,-13,428,557,0,433,547,12,435,534,21
454,451,0,490,471,9,510,509,8,520,543,6,534,564,6,492,533,-9,487,579,-10,485,608,-10,482,629,-11,467,537,-13,467,587,-14,469,618,-12,468,642,-12,443,535,-12,445,568,-2,450,558,12,451,544,21,420,530,-13,428,556,0,433,547,12,435,533,21
453,447,0,490,467,6,510,504,4,520,539,1,535,560,0,492,528,-16,489,575,-18,487,603,-18,484,625,-19,466,532,-18,467,582,-19,468,614,-18,468,638,-18,442,531,-16,446,564,-6,451,554,9,452,540,18,419,527,-14,429,553,-1,434,544,11,435,531,20
453,447,0,490,467,7,510,504,4,520,539,2,535,560,1,492,528,-15,489,575,-17,487,604,-17,484,625,-17,466,532,-17,467,582,-18,468,614,-17,468,637,-17,442,531,-15,446,564,-5,450,554,9,451,540,19,419,527,-14,428,553,-1,433,543,11,434,530,20
453,443,0,490,462,8,511,500,6,521,535,4,535,557,4,493,523,-11,488,570,-12,487,599,-12,484,621,-13,467,527,-14,467,578,-15,469,610,-13,469,633,-13,442,527,-13,445,559,-3,450,549,11,450,534,20,419,522,-12,427,549,0,432,539,12,433,526,21
453,445,0,490,464,7,511,502,5,521,537,2,534,558,1,493,525,-14,489,572,-16,487,601,-16,485,623,-18,467,529,-16,467,579,-19,468,612,-19,468,635,-19,443,528,-16,445,561,-7,449,550,7,450,535,16,420,524,-16,428,551,-4,433,541,8,434,527,17
453,445,0,490,464,7,511,502,5,521,537,2,535,558,1,493,525,-14,489,572,-16,487,601,-17,485,623,-18,467,529,-17,467,579,-19,468,612,-19,468,635,-19,443,528,-16,445,560,-7,450,550,7,450,535,16,420,524,-16,428,551,-4,433,541,8,434,527,17
453,449,0,490,468,8,510,506,6,520,541,4,534,562,4,493,530,-13,489,577,-14,488,605,-14,485,627,-15,467,534,-15,468,585,-17,469,616,-16,469,640,-16,442,533,-14,444,566,-5,449,556,10,451,541,20,420,529,-14,427,555,-1,433,545,12,435,531,21
454,451,0,490,471,8,510,509,7,520,543,5,534,565,5,493,532,-11,488,579,-12,485,607,-12,482,629,-13,468,536,-14,468,586,-14,469,618,-13,468,642,-13,443,535,-13,446,568,-2,450,558,11,451,543,20,420,530,-13,429,556,0,434,546,12,435,533,20
454,450,0,489,470,8,510,509,7,520,543,5,534,565,5,493,532,-10,488,579,-11,485,607,-11,482,629,-12,468,536,-13,468,586,-14,469,618,-13,468,642,-13,443,535,-13,445,568,-3,450,558,11,450,543,20,420,530,-13,428,556,0,433,546,12,435,533,20
453,461,0,485,480,4,500,512,5,502,543,6,507,569,8,481,538,-5,472,575,0,464,587,10,458,589,18,459,539,-6,448,578,-1,441,585,10,437,582,19,438,534,-6,429,564,0,427,558,12,428,548,21,419,527,-5,414,550,0,416,546,8,419,537,16
434,454,0,464,480,3,475,514,2,469,545,3,461,569,5,452,534,-17,443,571,-9,445,557,5,448,540,15,433,531,-17,423,567,-13,427,553,0,430,537,9,416,525,-15,409,557,-10,413,545,0,415,532,9,403,518,-11,398,544,-7,399,536,1,401,525,8
442,461,0,425,500,-10,399,533,-18,384,563,-26,377,585,-34,347,498,-5,302,502,-8,276,506,-12,257,510,-15,346,473,-3,298,479,0,269,485,-2,251,491,-6,351,452,-2,314,465,4,299,475,5,290,484,3,359,435,-4,338,450,2,333,463,4,330,473,4
443,421,0,425,459,8,399,491,9,385,520,8,385,538,10,357,461,2,313,465,5,287,466,4,268,467,2,350,435,0,303,441,7,273,447,5,250,451,0,351,412,0,337,420,19,354,426,28,368,429,30,357,392,0,348,402,17,361,407,26,373,410,31
433,437,0,418,478,1,393,509,5,376,530,11,364,540,19,350,473,-3,305,472,4,282,474,9,267,474,11,344,451,4,297,454,15,270,463,18,250,470,18,344,433,13,328,445,30,343,452,35,357,456,36,348,418,20,339,435,34,345,443,36,351,450,37
184,557,0,220,579,-26,250,583,-40,268,585,-52,272,581,-64,282,547,-15,317,534,-26,341,525,-37,361,519,-46,279,531,-11,315,512,-21,345,502,-37,368,495,-50,271,520,-10,301,501,-24,312,494,-41,320,494,-52,259,517,-12,283,499,-24,285,494,-35,284,495,-43
438,470,0,422,506,-5,399,539,-11,385,568,-18,379,592,-25,356,509,-6,321,531,-10,300,545,-14,283,558,-18,352,484,-8,308,491,-10,278,497,-14,256,501,-19,356,463,-11,329,469,-8,327,475,-5,326,479,-5,363,444,-15,347,448,-12,351,452,-9,355,453,-7
415,504,0,410,534,-7,394,559,-12,379,575,-14,370,586,-16,351,545,-18,313,558,-20,294,563,-20,282,565,-19,340,522,-13,300,537,-12,283,545,-9,272,552,-7,334,503,-7,300,516,-3,285,527,1,276,538,3,332,487,-3,304,495,0,290,507,3,280,519,5
427,480,0,415,512,0,396,540,-1,384,567,-2,379,587,-4,351,519,7,318,530,9,298,538,9,283,543,8,345,498,7,310,510,13,292,518,15,277,526,15,344,481,5,311,487,13,294,496,16,279,506,16,347,467,2,319,470,8,304,479,11,292,490,12
422,487,0,412,517,-2,392,544,-1,380,567,-1,376,585,-1,349,528,19,317,537,24,301,544,24,289,550,25,344,509,20,310,520,30,294,528,31,285,537,30,343,491,20,311,499,30,299,508,32,291,517,32,344,475,18,320,479,26,311,489,29,303,501,30
413,499,0,406,524,-13,391,546,-20,380,565,-25,375,580,-28,347,529,-13,312,538,-15,297,545,-16,288,550,-16,340,512,-6,304,524,-4,291,533,-4,286,542,-4,337,498,0,305,508,4,295,519,5,289,529,4,337,488,4,312,496,8,301,508,9,294,520,9
437,444,0,427,481,2,401,515,0,385,543,-1,382,567,-2,357,487,0,314,501,1,288,511,-1,267,519,-5,348,461,0,304,467,3,273,474,-2,249,478,-10,349,437,0,342,443,14,361,447,16,378,447,16,354,416,0,351,422,12,364,426,17,376,427,18
442,448,0,422,487,9,396,517,18,383,542,27,378,558,37,348,480,18,307,482,31,283,484,38,264,485,42,345,458,20,299,455,38,271,458,44,252,461,44,350,438,24,339,441,46,360,446,51,376,449,52,356,422,26,353,432,44,367,437,48,378,441,50
435,453,0,417,490,6,394,514,16,383,534,26,374,549,36,345,492,29,308,501,46,289,504,57,278,503,64,341,477,34,299,485,56,277,489,68,260,491,76,342,463,40,303,472,62,282,474,73,266,476,79,344,453,45,313,460,60,292,460,69,273,462,74
435,465,0,421,497,14,398,519,24,383,538,31,373,555,38,347,515,39,309,523,52,290,519,59,279,515,63,342,499,35,299,501,48,275,495,53,258,490,56,340,481,29,299,481,41,277,478,46,258,475,49,340,463,24,307,463,31,285,462,35,266,461,38
434,432,0,416,476,4,393,505,10,381,528,16,378,555,21,346,469,29,307,469,46,279,471,55,256,474,60,347,447,31,306,448,56,274,455,65,253,459,68,355,427,32,331,434,56,334,442,65,339,447,67,363,410,31,353,418,49,357,423,56,362,427,59
430,458,0,412,497,2,389,523,7,377,542,8,373,552,10,343,497,29,308,500,34,289,501,34,274,499,33,342,477,26,303,480,35,280,482,33,263,483,29,346,457,21,310,462,25,290,467,20,274,472,16,352,440,14,329,447,16,318,458,14,310,467,12
433,456,0,418,493,1,394,521,4,379,543,5,372,559,6,347,495,28,309,500,34,287,502,34,270,504,34,345,476,27,303,479,37,278,482,37,261,486,36,346,457,23,309,459,32,287,464,33,271,471,31,348,442,17,321,447,24,306,456,25,294,466,26
426,462,0,413,495,-6,390,520,-4,377,543,0,372,557,3,343,516,15,301,520,24,284,516,29,276,510,33,339,497,22,297,500,35,278,497,39,269,494,42,340,475,28,302,479,39,286,477,40,277,477,41,342,456,32,316,461,40,303,466,42,295,473,43
439,471,0,422,504,-2,396,529,-1,379,551,2,370,565,6,355,506,-2,306,507,1,281,505,4,264,503,6,350,486,3,300,488,9,272,488,11,252,486,13,349,470,9,303,475,16,278,476,17,260,477,17,350,457,14,313,464,19,294,470,21,281,475,21
449,492,0,436,525,-29,405,546,-40,375,557,-43,353,569,-46,366,515,-39,317,514,-42,285,518,-43,263,521,-43,364,499,-19,312,499,-21,278,506,-21,255,513,-20,363,487,0,319,490,2,287,496,3,265,502,3,365,481,18,329,486,20,305,491,21,288,497,21
445,493,0,434,521,-33,402,543,-42,372,558,-44,354,575,-45,362,527,-36,312,534,-39,281,541,-40,258,544,-41,356,514,-16,304,517,-16,268,522,-19,241,526,-21,356,501,3,309,506,3,276,511,-2,252,517,-6,358,491,21,322,497,21,299,500,16,282,504,13
469,507,0,443,541,8,406,558,13,377,562,14,353,569,17,373,532,15,326,524,19,298,521,20,278,519,20,373,511,9,323,506,15,292,504,12,271,501,8,378,491,4,359,487,12,378,492,15,392,496,16,386,472,-2,374,471,3,386,477,5,396,484,8
474,506,0,454,545,1,419,564,-5,386,562,-11,360,558,-16,388,544,-38,323,545,-49,287,547,-55,260,547,-59,385,518,-40,318,525,-54,278,530,-59,248,534,-63,388,494,-36,364,508,-33,380,515,-20,395,520,-12,396,473,-34,380,486,-26,392,494,-16,405,498,-8
477,507,0,456,547,-4,419,565,-12,387,562,-17,363,555,-23,385,543,-44,326,547,-58,290,551,-66,261,554,-72,383,524,-44,318,531,-59,278,537,-67,248,542,-75,386,506,-41,341,516,-47,320,527,-51,307,537,-56,394,489,-37,372,499,-40,369,510,-42,367,518,-44
484,497,0,465,534,19,440,554,27,419,559,31,408,550,36,396,535,19,356,536,25,334,538,27,319,540,27,390,513,10,347,517,16,327,522,17,315,527,16,392,491,2,379,495,14,394,498,22,407,499,26,398,470,-5,389,474,5,401,479,12,413,484,17
483,488,0,462,523,9,432,545,13,406,553,13,388,554,13,395,525,19,356,527,21,335,527,19,320,527,17,390,504,10,348,507,12,326,509,7,310,512,1,392,481,2,380,485,8,396,489,10,410,491,11,399,459,-7,390,464,-2,401,471,0,411,476,2
483,494,0,462,533,8,430,550,8,404,544,7,392,530,8,396,532,-14,344,537,-18,315,537,-21,294,536,-24,392,506,-19,333,508,-25,299,509,-28,275,509,-33,393,482,-21,372,489,-14,389,495,-3,405,498,0,401,460,-24,388,467,-15,400,475,-8,412,481,-3
481,493,0,463,530,-4,435,548,-14,413,542,-25,397,530,-35,391,533,-28,339,536,-44,306,534,-57,280,530,-67,388,507,-34,329,509,-54,292,508,-68,264,505,-79,391,483,-38,373,486,-45,394,492,-40,412,496,-38,400,459,-44,390,465,-47,403,474,-43,415,481,-40
488,501,0,466,539,3,439,556,-6,420,550,-16,407,538,-24,399,547,-48,340,554,-68,303,554,-82,273,552,-92,397,522,-53,331,519,-78,290,515,-90,259,512,-99,399,496,-52,382,494,-54,403,498,-41,418,503,-34,406,470,-52,397,470,-47,411,478,-37,423,486,-31
501,516,0,479,556,13,448,575,16,423,574,18,414,561,21,415,555,0,369,572,0,344,582,0,326,588,0,408,529,-6,356,525,-6,326,522,-7,306,518,-10,407,506,-10,389,512,0,404,519,10,418,521,14,411,486,-15,398,493,-4,407,500,3,418,504,8
485,532,0,467,557,-17,437,571,-29,414,571,-41,401,570,-51,399,564,-32,348,572,-50,318,578,-64,294,580,-74,398,555,-32,340,559,-54,305,565,-72,278,568,-86,403,544,-32,390,547,-45,414,546,-48,432,545,-49,413,531,-34,403,530,-44,417,532,-47,428,534,-48
481,491,0,459,531,7,432,557,4,407,570,1,387,574,0,395,529,-19,341,528,-23,311,526,-25,290,522,-28,392,504,-24,330,509,-30,296,511,-33,273,511,-37,394,480,-24,372,493,-15,386,498,-3,400,499,2,400,459,-26,385,471,-15,397,479,-6,409,483,-1
484,494,0,463,530,11,441,551,13,421,555,13,406,548,14,393,535,3,347,531,6,325,527,7,310,524,7,389,511,-2,337,510,0,311,508,0,294,507,-3,391,486,-6,374,488,6,390,491,15,403,493,19,398,463,-11,386,467,0,397,473,7,409,478,12
242,547,0,259,517,-16,288,486,-48,310,460,-78,316,440,-111,282,520,-94,295,513,-133,307,504,-155,319,498,-168,282,541,-103,305,535,-145,323,527,-157,336,524,-167,281,556,-107,304,553,-136,322,547,-132,336,545,-133,278,567,-113,302,564,-131,318,562,-129,332,563,-129
278,522,0,283,497,-9,298,473,-30,313,450,-50,323,429,-71,291,496,-61,304,498,-88,312,493,-101,320,491,-108,298,520,-68,313,522,-93,322,517,-95,328,514,-98,302,541,-72,313,544,-91,325,542,-80,335,543,-75,305,559,-77,314,566,-90,325,565,-82,335,564,-78
269,525,0,278,496,-13,299,467,-38,315,442,-62,319,421,-87,295,497,-72,309,492,-104,315,480,-122,321,469,-133,297,519,-79,313,518,-110,322,506,-117,328,495,-125,295,538,-83,312,542,-103,324,536,-95,333,529,-93,295,553,-88,310,561,-100,320,559,-94,327,555,-92
251,556,0,260,525,-11,285,494,-44,309,463,-76,320,442,-111,283,532,-98,304,526,-143,318,518,-168,332,513,-182,288,552,-111,322,540,-157,348,527,-169,368,518,-178,290,566,-118,320,550,-148,340,538,-140,358,530,-138,290,576,-125,317,566,-143,334,558,-138,349,553,-136
239,577,0,255,546,-16,286,512,-52,313,483,-87,326,462,-125,289,545,-111,324,527,-163,342,512,-192,359,501,-209,293,567,-124,337,547,-179,368,530,-194,386,517,-207,293,585,-131,334,564,-167,364,549,-158,386,538,-156,290,600,-139,326,589,-160,349,578,-154,368,569,-151
416,458,0,388,448,49,357,452,70,337,450,81,323,446,90,338,481,49,307,485,59,288,491,64,275,498,66,337,479,24,302,466,30,291,463,33,285,465,35,336,468,2,301,455,6,295,450,12,294,452,15,336,452,-16,301,450,-15,284,448,-11,274,448,-9
420,457,0,394,446,51,364,447,73,344,443,83,330,437,92,340,479,54,309,487,64,290,497,69,277,507,71,338,478,27,305,461,34,300,455,37,297,457,40,337,468,3,305,447,9,309,436,15,317,435,20,336,453,-16,300,451,-15,284,448,-12,275,448,-9
427,506,0,400,494,-6,364,492,-12,337,488,-20,320,481,-27,338,527,-5,304,551,-13,303,560,-14,307,561,-15,343,542,-11,302,561,-27,311,561,-30,322,556,-29,353,554,-19,312,574,-35,320,571,-39,330,564,-38,369,566,-29,343,593,-41,329,609,-48,316,619,-51
427,536,0,398,516,-29,360,508,-50,334,492,-72,319,475,-93,328,546,-19,282,547,-43,252,548,-63,229,550,-77,342,565,-22,315,566,-56,316,555,-78,313,550,-88,358,582,-29,338,582,-64,356,559,-80,371,544,-83,375,599,-41,354,619,-65,340,633,-78,325,647,-85
430,536,0,400,514,-9,358,503,-20,329,489,-35,315,469,-48,337,552,6,302,558,-12,280,558,-28,263,558,-37,350,571,-1,329,563,-32,361,547,-45,376,545,-45,363,587,-14,346,583,-40,371,566,-44,383,562,-39,378,602,-29,353,622,-42,339,632,-47,320,647,-47
428,528,0,398,509,-14,360,500,-29,334,487,-47,321,468,-65,335,542,-4,294,549,-25,269,554,-45,249,560,-58,346,561,-11,333,560,-42,356,544,-60,372,537,-65,360,577,-20,348,581,-46,364,563,-57,377,551,-57,377,594,-32,356,615,-46,341,629,-54,326,644,-58
430,523,0,405,505,-21,366,492,-37,339,474,-53,321,455,-70,333,535,-15,290,536,-31,261,535,-45,239,535,-55,342,553,-18,308,564,-34,290,569,-49,280,576,-59,357,568,-23,334,585,-39,330,587,-51,331,589,-58,376,583,-32,354,605,-44,338,620,-54,325,637,-61
430,523,0,401,504,-17,360,492,-33,332,476,-51,317,455,-69,336,537,-6,296,540,-27,270,541,-47,250,543,-59,346,555,-12,328,559,-42,346,550,-61,359,547,-67,359,571,-20,343,579,-46,358,565,-57,371,555,-59,376,586,-33,353,606,-47,338,620,-56,325,635,-61
429,526,0,400,505,-21,362,493,-38,336,479,-57,321,460,-76,335,538,-10,293,540,-32,265,539,-52,244,539,-65,345,556,-14,329,556,-45,352,540,-64,369,533,-69,359,573,-21,343,577,-49,359,561,-61,372,552,-64,375,589,-32,353,608,-48,338,621,-58,323,635,-64
429,526,0,399,502,-12,358,489,-24,330,475,-40,317,454,-54,337,540,4,300,544,-15,277,544,-31,258,545,-41,348,559,-2,331,551,-34,364,535,-47,377,534,-47,361,576,-14,345,572,-42,373,555,-47,386,551,-41,375,592,-29,351,612,-44,337,623,-49,317,640,-50
434,530,0,403,511,-22,363,500,-35,335,482,-51,319,464,-65,338,543,-5,298,548,-20,275,552,-31,257,554,-39,349,560,-7,318,558,-28,310,552,-42,301,552,-49,363,575,-13,341,576,-36,356,559,-45,369,547,-46,381,591,-23,358,612,-38,341,626,-47,326,640,-51
431,535,0,403,517,-21,364,507,-38,337,492,-57,323,473,-75,342,550,-11,307,555,-32,289,560,-50,277,564,-61,352,568,-13,331,566,-44,345,552,-62,351,545,-69,365,583,-19,345,586,-46,359,569,-57,370,558,-58,381,598,-29,358,619,-44,342,633,-52,327,647,-57
432,539,0,405,520,-22,366,509,-38,338,489,-55,322,472,-71,337,547,-15,293,549,-32,266,553,-44,246,557,-53,346,565,-18,309,569,-38,288,569,-52,268,573,-62,360,581,-25,336,586,-47,349,572,-58,361,563,-60,377,598,-35,355,619,-53,340,633,-63,325,648,-68
435,533,0,403,518,-16,363,512,-30,337,497,-47,321,480,-63,345,552,-7,306,563,-24,282,571,-41,262,577,-52,354,567,-12,319,567,-33,306,563,-52,295,564,-63,367,581,-20,336,584,-39,320,574,-55,307,567,-64,383,596,-31,359,619,-43,342,635,-54,324,648,-63
438,542,0,401,523,0,364,515,-9,343,506,-25,326,504,-42,338,552,5,303,565,-10,282,576,-25,266,585,-35,349,564,-9,324,570,-33,339,562,-47,349,558,-52,362,575,-28,334,583,-51,337,578,-65,338,574,-72,374,585,-48,349,603,-66,334,620,-79,319,635,-88
444,515,0,418,522,-1,388,517,-3,367,507,-6,354,499,-10,374,498,-3,349,487,-7,335,478,-11,328,472,-14,380,486,-6,359,472,-10,353,464,-15,353,460,-19,391,475,-9,372,459,-13,369,453,-17,370,452,-20,404,464,-13,391,448,-16,386,440,-19,384,434,-21
184,477,0,221,491,0,252,493,-9,274,502,-24,288,515,-39,263,448,-10,287,425,-29,294,422,-43,297,419,-51,253,439,-23,279,429,-50,273,449,-63,266,463,-67,241,433,-36,267,423,-58,266,436,-65,262,445,-66,229,431,-51,253,413,-65,266,407,-71,275,400,-75
188,469,0,228,489,11,264,498,14,291,508,10,308,519,8,282,454,31,307,449,28,306,459,24,303,468,23,274,440,18,299,438,8,292,455,-1,287,466,-3,265,424,4,289,420,-2,283,436,-5,275,448,-4,256,408,-10,284,385,-13,305,373,-16,324,361,-17
176,518,0,205,538,-2,242,553,-13,262,571,-28,270,594,-44,270,517,-9,314,516,-27,341,517,-42,362,520,-53,263,499,-20,296,501,-43,306,510,-57,313,519,-66,251,481,-32,280,484,-50,283,496,-58,284,508,-62,237,462,-45,264,445,-58,284,432,-65,304,422,-70
477,525,0,456,555,3,426,579,0,408,601,-9,405,624,-19,390,558,7,350,553,-3,323,549,-16,302,547,-25,392,538,-1,365,517,-16,386,513,-28,403,515,-32,396,516,-12,371,498,-23,387,497,-32,402,501,-36,401,494,-24,368,484,-32,346,476,-39,325,470,-45
130,511,0,156,536,0,187,558,-9,203,580,-22,207,604,-34,221,535,-13,263,528,-29,286,523,-40,304,519,-48,218,515,-24,240,506,-41,227,506,-47,221,507,-50,210,495,-37,228,487,-50,212,489,-50,199,491,-50,198,475,-51,229,464,-63,253,458,-69,276,452,-73
478,524,0,455,554,8,425,578,4,408,600,-3,408,625,-13,389,560,2,350,556,-8,323,551,-20,302,548,-28,391,540,-9,366,516,-20,385,509,-28,399,509,-31,396,519,-21,372,498,-29,386,494,-33,398,497,-36,401,497,-34,368,487,-41,347,477,-46,327,471,-51
125,510,0,152,537,4,186,561,-1,203,580,-13,206,602,-24,218,533,7,262,530,-7,287,527,-20,306,523,-30,216,512,-6,228,513,-24,200,516,-33,184,518,-35,211,492,-20,226,489,-33,206,496,-36,191,501,-36,203,472,-36,236,461,-44,258,456,-47,278,450,-50
519,527,0,504,561,6,480,594,5,467,620,1,466,641,-3,439,577,8,399,578,6,374,579,0,354,581,-5,434,556,2,405,546,1,414,536,-4,423,531,-7,434,533,-3,406,525,-1,412,517,-6,419,513,-10,434,509,-9,400,505,-9,378,500,-12,359,498,-17
82,504,0,101,535,4,129,564,-2,141,587,-15,138,609,-27,170,546,5,213,550,-9,238,552,-23,257,552,-31,171,524,-7,181,527,-25,149,524,-32,128,521,-32,169,503,-21,181,504,-34,154,504,-35,135,504,-32,165,481,-37,202,478,-45,224,479,-49,245,480,-50
537,484,0,523,515,5,499,549,2,487,578,-4,491,602,-10,463,528,-6,419,529,-12,392,530,-17,372,531,-19,461,509,-13,421,500,-17,436,493,-13,454,492,-10,462,485,-21,424,478,-22,434,471,-19,450,471,-17,466,460,-28,425,455,-31,401,450,-33,382,448,-34
65,458,0,80,493,-1,101,527,-7,106,551,-18,96,573,-29,146,513,9,187,521,-3,213,525,-17,232,527,-27,150,491,0,165,492,-17,132,486,-27,108,481,-30,151,470,-13,167,470,-26,143,467,-34,124,466,-36,150,448,-28,182,452,-38,206,452,-47,229,453,-53
536,481,0,522,515,1,497,550,-2,484,577,-10,488,601,-18,458,528,9,418,531,1,392,532,-8,371,533,-15,455,506,0,421,504,-12,438,497,-22,458,494,-25,455,483,-9,422,479,-19,435,475,-26,451,476,-28,456,459,-20,419,454,-27,397,449,-33,378,447,-37
80,458,0,90,494,5,111,529,1,118,554,-9,109,579,-20,156,515,8,197,526,-4,223,533,-18,243,537,-28,164,492,-3,176,491,-17,148,485,-25,129,482,-28,167,470,-17,178,469,-24,155,467,-25,137,467,-25,168,447,-32,202,450,-37,224,453,-41,244,456,-44
525,485,0,506,519,0,476,551,-1,462,578,-8,466,603,-15,437,524,21,399,525,15,374,523,5,354,521,-2,438,503,12,406,501,0,424,498,-12,443,497,-17,439,480,2,409,477,-7,422,476,-18,438,479,-22,443,457,-9,408,451,-15,389,448,-23,373,448,-28
79,458,0,90,493,9,110,529,6,118,553,-2,110,577,-12,156,517,10,197,527,0,222,532,-11,241,536,-20,164,495,-2,174,492,-11,148,485,-17,130,482,-20,167,472,-15,176,471,-19,152,467,-18,134,468,-18,169,449,-30,202,452,-33,223,455,-36,243,459,-38
494,488,0,473,521,3,443,550,4,426,574,2,425,597,0,410,521,24,377,522,25,356,520,21,339,520,17,410,499,18,382,498,17,391,498,9,404,499,6,411,477,11,384,475,11,388,475,4,397,478,0,415,455,4,386,451,4,373,451,0,363,453,-2
112,466,0,129,508,9,150,540,14,161,564,11,157,586,9,190,521,41,218,530,39,235,534,31,250,536,24,194,499,30,212,501,23,191,501,12,175,500,8,196,477,17,214,478,13,197,479,5,183,481,3,196,455,4,222,452,4,238,455,0,253,457,-2
460,490,0,438,525,8,408,551,14,387,573,16,380,596,20,377,525,32,348,525,43,348,522,49,355,522,52,375,503,27,352,500,36,362,498,36,376,500,37,377,481,21,353,480,29,361,479,28,374,482,27,379,459,15,353,457,22,354,459,24,361,463,25
456,489,0,433,527,-6,406,552,-4,387,574,-4,381,599,-4,376,523,37,351,525,41,348,526,39,351,527,36,376,502,36,351,503,36,357,502,22,369,503,13,378,480,32,354,480,28,360,480,10,373,481,1,379,460,27,354,457,23,355,458,13,363,461,7
163,476,0,182,523,22,202,551,39,214,574,49,221,594,60,233,527,66,255,531,85,263,534,92,266,537,97,236,504,59,256,505,79,255,506,83,249,509,87,237,482,50,255,484,68,255,487,73,251,491,76,237,460,41,257,459,56,266,461,63,272,464,68
432,498,0,407,531,13,372,557,20,351,578,22,349,602,25,361,531,32,338,526,39,335,526,41,338,529,42,360,511,23,338,505,30,341,507,27,350,512,24,359,490,14,335,485,20,338,487,16,346,493,12,359,469,6,333,464,10,333,468,10,337,476,8
188,484,0,216,530,5,246,556,9,265,579,9,271,601,10,285,531,30,284,544,36,265,540,38,255,534,38,288,509,23,286,522,25,266,518,20,254,512,17,286,486,15,288,500,17,269,499,14,256,495,13,281,465,6,290,475,11,274,481,13,261,481,14
207,489,0,235,530,3,261,554,10,282,573,12,296,591,15,277,528,50,297,534,63,303,543,67,305,552,71,277,508,48,300,512,64,303,519,65,302,527,67,277,487,44,301,491,58,303,498,62,300,504,64,276,467,37,302,464,50,308,473,56,310,481,61
207,482,0,238,524,1,263,547,8,282,567,11,295,584,14,276,522,56,299,531,71,309,537,75,315,543,77,277,503,56,303,507,73,314,512,74,319,519,75,277,483,51,303,486,67,314,492,68,318,498,69,276,464,44,300,461,57,311,469,62,317,477,65
208,499,0,225,539,5,247,559,11,269,566,13,287,560,14,275,536,37,299,538,46,308,544,48,312,546,48,278,517,32,305,517,39,312,524,37,311,529,35,278,498,24,306,495,30,311,504,28,308,511,26,277,478,16,301,472,19,309,480,19,308,489,20
417,522,0,422,563,22,406,594,36,379,610,49,355,608,64,363,594,30,349,596,56,361,587,75,374,580,87,347,577,27,339,574,56,348,566,72,358,561,81,337,555,27,327,556,55,334,550,69,344,544,74,330,532,28,317,535,50,321,529,62,327,523,68
401,509,0,416,545,23,416,576,38,409,597,48,397,609,59,387,591,41,379,612,58,381,615,69,385,612,77,371,583,33,364,605,51,367,607,59,371,605,64,356,573,27,347,595,42,349,597,49,355,594,53,342,560,21,332,580,32,333,584,39,337,585,44
401,512,0,419,546,28,424,577,43,419,599,54,406,608,67,393,597,34,384,618,53,387,615,69,394,606,80,374,590,25,366,610,44,369,604,58,375,594,67,356,579,18,348,600,37,351,594,48,357,585,55,339,565,14,330,586,28,334,583,38,342,576,46
247,497,0,212,519,7,194,545,11,192,570,11,205,586,12,223,571,21,226,597,27,222,597,32,219,589,36,244,569,15,249,596,18,243,592,18,239,579,20,265,565,9,270,592,10,263,588,11,259,576,13,287,559,2,294,585,4,287,586,7,280,578,10
367,496,0,395,523,19,412,551,27,414,574,32,405,588,39,400,580,15,388,603,26,382,596,37,382,583,45,379,582,6,365,602,17,359,593,27,360,579,33,357,578,1,344,600,13,340,591,21,343,579,25,334,571,-3,323,592,6,323,587,14,328,579,19
342,492,0,375,508,6,398,528,9,409,548,10,409,565,13,387,563,17,395,588,22,395,587,27,393,577,31,368,568,13,371,591,17,370,590,17,367,579,18,347,568,9,349,592,13,348,592,12,347,583,11,326,565,5,325,587,9,327,591,9,330,589,10
342,493,0,374,508,8,398,529,10,408,549,11,406,564,13,390,564,8,395,589,12,394,586,18,392,573,22,371,569,3,369,592,5,365,589,7,362,577,9,350,570,0,347,592,1,343,590,3,341,580,4,329,567,-4,325,588,-1,325,589,0,326,583,2
260,507,0,223,519,0,198,539,-2,192,562,-6,201,580,-10,216,574,5,215,604,6,214,596,9,215,580,12,239,578,0,241,607,-2,240,597,-3,240,580,-2,262,578,-4,264,606,-6,263,599,-6,263,584,-4,285,575,-10,289,603,-10,286,600,-7,284,589,-5
343,508,0,376,524,8,399,546,12,406,569,13,402,586,16,388,577,11,394,604,17,394,599,25,394,586,30,369,583,6,371,606,10,370,601,14,369,588,17,350,584,2,350,606,6,349,602,8,349,592,10,329,582,-1,329,603,2,331,603,5,333,596,8
341,525,0,375,539,11,399,558,16,409,578,19,406,594,23,393,595,12,396,619,20,392,614,30,389,601,36,373,601,6,373,623,13,368,616,19,366,603,24,352,602,2,351,624,9,347,618,14,347,606,17,330,599,-1,328,620,4,328,619,9,330,612,13
256,519,0,222,535,0,198,557,-3,193,581,-8,205,599,-13,220,594,10,218,619,11,216,608,13,215,592,15,240,597,3,241,618,3,241,604,1,242,588,0,261,597,-2,262,618,-3,261,606,-3,263,592,-3,283,594,-10,285,617,-8,283,609,-6,283,596,-4
250,512,0,216,530,-1,192,555,-3,186,582,-7,201,598,-10,217,589,9,216,619,13,211,609,18,209,594,21,237,592,5,239,620,7,234,608,7,232,591,7,257,592,0,260,618,2,255,609,2,254,594,2,279,588,-6,282,614,-2,278,608,0,276,596,2
340,531,0,375,545,13,400,569,21,420,587,25,438,599,30,382,604,29,382,638,38,382,659,41,382,675,42,363,609,24,364,643,37,363,665,38,362,682,37,342,607,21,336,630,34,331,622,39,330,614,42,321,602,17,317,623,26,316,622,31,316,619,35
251,511,0,217,529,0,193,551,-3,185,576,-8,197,593,-12,219,589,9,217,618,10,209,610,12,205,595,14,239,592,3,239,619,2,230,610,0,226,594,0,259,590,-2,260,617,-3,252,610,-4,250,597,-4,281,586,-10,284,612,-8,277,610,-6,273,599,-5
341,529,0,375,543,14,399,568,20,418,588,24,438,600,28,384,603,24,381,637,32,379,658,34,378,674,34,364,609,19,365,641,29,364,664,29,363,683,27,342,608,14,335,630,26,331,622,32,332,614,35,319,603,10,315,624,19,317,621,25,319,617,29
247,511,0,214,526,-7,188,548,-16,181,572,-26,192,591,-34,213,585,-4,213,615,-9,207,608,-11,204,591,-10,234,588,-8,238,616,-16,235,605,-20,234,588,-21,256,588,-13,259,614,-18,256,606,-20,256,591,-20,278,584,-19,282,610,-21,279,605,-19,277,593,-18
337,531,0,369,544,8,397,566,11,419,579,11,440,582,11,378,605,21,377,637,26,377,658,25,377,675,22,359,610,15,361,641,24,363,664,20,366,684,15,338,609,9,333,630,18,330,618,19,332,608,17,315,605,2,311,624,8,314,617,10,319,609,11
251,512,0,216,527,-6,190,550,-10,182,576,-18,195,593,-24,213,584,11,211,616,9,205,605,9,205,590,9,234,587,6,235,620,-1,230,605,-9,230,584,-10,254,587,0,257,618,-7,252,605,-12,252,587,-13,277,583,-7,279,612,-11,275,604,-11,273,588,-10
334,533,0,367,546,6,395,570,7,419,585,6,442,586,5,378,608,17,376,639,20,376,660,18,376,677,15,359,613,12,358,644,19,359,664,15,360,681,9,338,613,7,331,634,15,327,624,15,328,614,14,315,610,0,311,629,6,312,622,9,316,613,10
249,510,0,213,526,-6,188,550,-12,181,575,-21,193,593,-29,210,585,10,210,616,5,206,609,3,205,595,1,231,587,4,233,619,-6,230,607,-15,229,588,-17,252,585,-3,255,617,-13,251,606,-19,250,588,-21,275,580,-13,279,611,-18,275,604,-19,272,588,-18
335,532,0,368,546,10,396,570,15,419,584,16,442,586,18,378,608,22,375,639,28,374,660,27,376,677,25,358,613,17,357,644,27,356,664,26,358,681,22,337,613,12,329,634,24,325,626,27,325,617,26,315,609,6,310,628,15,310,624,19,313,619,20
247,516,0,211,535,1,189,565,1,181,595,-1,184,617,-2,212,595,14,213,632,18,208,624,25,206,609,29,233,596,9,233,633,9,224,626,10,220,610,12,253,593,4,252,623,4,246,614,6,244,599,9,275,587,-2,274,616,0,267,611,3,264,599,7
334,529,0,369,543,16,396,569,23,416,589,27,436,600,32,382,604,25,378,642,33,376,663,37,375,680,38,363,609,18,360,649,27,360,673,28,359,692,28,341,609,11,329,633,23,326,621,30,327,610,34,317,603,4,310,625,13,311,618,20,314,610,25
330,523,0,367,540,3,395,565,7,409,593,10,411,617,15,381,599,18,375,634,30,370,626,41,368,610,48,359,602,17,354,633,27,350,624,31,350,609,34,336,601,16,332,628,25,330,620,27,333,606,28,314,597,16,310,621,24,311,615,28,315,602,30
332,523,0,370,538,9,395,565,15,406,593,19,409,615,26,382,599,15,375,633,29,370,625,44,370,611,54,360,603,12,355,633,25,351,626,36,351,613,43,337,601,10,333,628,23,332,621,32,334,608,37,315,597,9,313,621,20,314,616,28,317,605,34
335,511,0,370,527,9,395,551,16,404,574,22,395,590,30,382,594,17,382,617,30,382,609,41,383,596,48,360,599,14,357,616,28,357,607,36,356,594,41,338,597,12,335,613,24,335,604,30,336,594,32,316,592,11,313,607,21,315,601,26,318,592,29
335,507,0,370,522,6,394,546,8,404,568,10,398,585,14,383,587,3,383,614,11,384,605,21,383,591,27,362,591,0,359,614,8,359,605,16,357,591,20,339,590,0,337,611,6,336,603,11,335,591,14,316,584,-2,313,603,3,314,600,8,315,592,11
332,506,0,369,524,10,395,550,15,404,577,20,396,595,26,384,585,12,384,613,22,379,608,34,376,596,41,363,589,7,360,613,18,355,606,25,352,593,31,340,587,5,337,610,13,334,603,19,334,591,22,317,582,2,313,603,10,314,599,16,316,590,20
340,498,0,376,522,11,400,549,18,408,576,24,400,596,31,386,585,20,384,612,33,378,605,43,375,592,49,364,588,16,361,613,27,356,606,31,354,590,34,341,586,14,338,609,24,334,602,26,335,589,27,319,581,12,316,601,20,316,597,24,319,587,27
298,449,0,258,459,-4,232,479,-3,212,496,-4,193,505,-6,260,524,35,253,556,42,253,573,43,256,586,43,281,529,32,274,564,43,272,586,41,272,605,39,299,527,25,288,557,31,281,567,29,275,577,27,318,521,16,313,549,19,309,556,19,305,562,19
512,636,0,511,662,7,503,694,8,484,715,6,474,724,5,520,720,8,506,759,2,499,784,-3,495,805,-8,511,715,-1,499,755,-7,493,780,-14,491,803,-21,499,707,-10,476,721,-14,481,701,-13,492,690,-12,485,698,-21,469,707,-22,475,692,-21,487,682,-20
499,575,0,500,604,3,493,632,6,471,650,7,457,657,8,504,658,9,491,695,7,484,719,3,480,739,0,492,651,3,478,686,0,473,707,-7,472,727,-13,479,641,-3,460,658,-9,466,641,-14,478,630,-15,466,633,-11,453,646,-17,459,634,-20,471,625,-21
498,575,0,499,603,0,492,632,1,470,649,1,456,657,2,504,658,4,491,695,1,484,719,-2,480,740,-6,492,651,0,478,687,-3,473,711,-10,472,731,-16,479,642,-3,460,659,-9,467,642,-12,478,631,-13,465,634,-9,453,647,-14,459,636,-17,471,627,-18
499,672,0,473,695,27,469,723,41,461,742,46,458,755,51,494,747,54,483,773,62,479,788,64,477,800,65,497,748,33,487,785,37,480,813,31,476,836,26,498,747,11,480,772,8,477,774,3,481,776,1,495,746,-9,480,770,-15,475,775,-19,476,781,-21
498,672,0,471,695,24,467,724,38,461,743,43,460,755,48,492,748,53,483,776,61,479,794,63,478,808,63,496,750,34,486,786,37,480,814,31,477,837,25,498,748,12,479,773,8,476,772,2,479,772,0,497,747,-8,483,773,-15,477,780,-20,477,787,-23
502,712,0,479,739,21,473,767,30,463,785,32,461,794,33,499,793,35,490,824,36,485,846,34,481,865,31,499,789,17,484,816,14,479,829,10,480,841,7,497,782,-1,471,794,-7,469,779,-9,475,770,-7,492,776,-19,475,790,-25,470,785,-26,473,783,-25
504,686,0,477,710,15,472,736,21,468,752,21,467,767,19,494,769,41,489,797,47,485,817,48,482,834,48,498,767,25,491,802,33,485,827,33,482,849,31,501,765,7,493,799,10,486,823,9,483,842,6,502,763,-10,495,791,-11,490,808,-11,488,822,-13
505,686,0,480,709,6,474,737,12,468,756,13,470,769,14,496,770,31,488,801,34,483,823,34,480,841,33,500,767,21,491,801,20,484,826,13,479,847,8,502,762,8,481,777,0,476,760,-4,479,749,-5,503,758,-5,491,780,-14,485,785,-20,485,791,-22
506,660,0,481,677,38,477,699,61,472,714,73,470,728,84,496,725,70,484,744,86,481,751,95,482,753,99,499,732,47,490,763,61,487,786,63,484,803,63,503,737,24,492,766,31,487,786,29,487,802,27,507,741,2,499,767,3,494,785,2,492,799,0
508,666,0,481,684,29,476,706,48,470,723,59,472,735,69,497,732,64,485,754,78,484,762,86,486,769,90,501,738,45,492,770,55,489,792,53,488,810,52,505,741,25,488,761,26,484,756,24,488,753,25,508,745,5,497,767,2,490,775,0,491,781,0
505,669,0,478,690,33,474,714,51,469,730,58,468,744,65,494,742,62,487,764,75,485,777,82,486,786,84,499,745,39,492,777,51,488,802,54,487,821,54,503,746,15,493,778,20,487,800,20,487,817,19,508,746,-8,499,773,-7,494,789,-7,494,802,-8
505,673,0,481,694,24,474,719,37,468,738,42,470,750,46,498,745,52,490,774,60,487,794,64,485,810,64,504,747,32,496,780,37,491,804,34,488,824,31,506,746,10,483,762,7,478,747,4,481,738,4,504,744,-10,483,757,-15,476,747,-18,478,739,-18
507,667,0,485,688,26,478,711,39,470,728,43,468,740,46,500,741,52,492,769,59,489,790,62,487,806,61,504,741,30,493,773,33,488,796,29,485,814,26,505,739,7,481,753,2,478,739,0,482,731,0,502,736,-15,482,751,-22,477,745,-24,479,741,-24
505,668,0,479,687,31,474,712,47,469,727,54,468,740,58,496,739,58,489,762,68,486,780,73,486,795,74,500,740,36,490,773,44,487,797,44,487,816,43,502,742,12,489,773,13,485,793,12,486,810,11,504,743,-11,495,772,-13,491,789,-14,490,803,-15
505,663,0,481,682,35,476,703,55,470,719,65,467,734,73,496,730,66,483,748,81,480,755,89,481,759,92,500,735,43,492,766,56,489,790,57,488,808,55,504,738,19,494,768,25,490,790,24,491,807,22,506,741,-3,499,768,-2,496,783,-3,497,793,-5
508,659,0,481,676,30,475,696,46,469,711,53,469,725,59,497,729,63,488,753,75,486,771,80,487,786,80,501,733,40,493,766,47,488,790,44,486,810,40,505,733,16,483,747,15,478,734,12,481,725,12,506,733,-6,488,745,-11,481,736,-13,481,728,-13
508,660,0,482,677,25,475,702,40,468,720,47,470,733,53,497,728,58,488,754,69,486,769,74,486,783,75,504,732,38,496,765,46,492,790,44,489,809,40,507,732,16,485,750,15,479,740,12,482,734,10,507,732,-4,483,739,-7,475,727,-9,478,717,-9
507,658,0,481,673,33,477,695,55,471,711,67,470,725,78,497,720,73,481,738,89,479,740,99,480,740,104,500,728,52,490,759,65,487,782,64,485,800,63,502,734,30,487,757,34,486,761,31,491,765,29,504,740,8,495,764,8,492,774,5,495,781,4
