237,347,0,241,382,10,253,412,0,269,430,-12,287,441,-27,244,427,-34,265,460,-51,285,472,-59,299,479,-64,249,411,-50,275,446,-70,296,457,-74,310,461,-77,257,392,-64,289,418,-78,311,422,-75,326,420,-73,269,371,-77,293,390,-86,309,395,-83,322,397,-82
196,348,0,204,385,13,216,419,7,231,444,-2,247,461,-12,200,428,-27,215,464,-41,236,477,-44,255,482,-46,205,413,-43,232,446,-59,258,455,-60,278,455,-59,215,394,-56,246,416,-69,273,423,-65,291,424,-62,228,373,-68,254,387,-76,273,392,-73,288,394,-71
185,348,0,194,386,14,205,418,6,218,442,-5,235,458,-17,188,428,-34,199,465,-50,220,476,-53,238,478,-55,192,413,-51,216,449,-70,244,458,-69,263,456,-68,201,393,-65,231,419,-79,258,427,-74,275,427,-71,214,373,-77,239,388,-87,257,393,-83,271,395,-81
192,348,0,196,386,16,205,416,8,214,438,-2,228,453,-14,188,429,-35,202,464,-52,221,477,-57,238,482,-59,192,412,-52,218,447,-73,243,459,-74,262,461,-73,203,392,-65,234,418,-79,258,426,-73,275,427,-68,217,374,-77,243,391,-84,259,395,-79,272,395,-75
226,339,0,238,376,16,247,407,10,256,429,0,270,445,-12,227,422,-25,248,454,-40,266,468,-46,282,477,-50,228,408,-44,259,440,-61,284,449,-63,304,451,-65,236,389,-59,271,414,-71,298,421,-67,317,422,-65,248,369,-73,276,385,-80,296,391,-77,312,393,-75
310,349,0,295,385,10,291,415,-3,295,435,-20,302,446,-36,266,433,-50,278,466,-71,305,466,-74,318,458,-75,272,414,-68,298,445,-88,324,437,-79,330,427,-72,284,392,-83,312,418,-97,334,413,-80,338,405,-68,299,371,-96,323,392,-106,337,392,-96,338,388,-88
237,347,0,240,383,11,252,415,0,269,436,-15,287,450,-31,242,431,-35,266,463,-52,290,468,-58,305,469,-61,247,415,-53,283,449,-73,304,451,-72,313,447,-71,255,394,-67,293,425,-82,310,424,-74,313,418,-69,266,373,-81,295,396,-91,305,398,-85,306,397,-82
238,342,0,242,378,15,250,407,7,263,426,-5,280,439,-18,241,425,-28,261,460,-43,283,467,-48,298,468,-51,246,410,-47,273,450,-65,296,458,-68,308,457,-70,255,391,-62,286,423,-76,308,427,-73,318,424,-72,267,370,-76,292,393,-86,306,398,-84,314,399,-83
195,346,0,206,383,12,217,416,4,228,441,-5,241,459,-16,201,427,-30,215,463,-46,237,477,-51,256,483,-53,203,412,-46,229,446,-64,256,455,-65,276,456,-65,212,393,-59,242,414,-73,269,423,-68,289,425,-65,224,372,-70,249,386,-79,269,392,-76,285,395,-74
182,346,0,191,384,15,203,414,9,216,435,0,232,449,-10,188,426,-27,198,463,-41,219,476,-44,237,478,-46,193,411,-44,217,449,-62,243,458,-61,261,456,-61,203,393,-58,233,419,-71,259,427,-68,275,427,-65,216,373,-70,242,388,-79,260,394,-76,274,396,-74
185,346,0,190,383,18,200,414,15,211,436,8,225,450,1,187,425,-20,201,463,-31,220,477,-32,238,482,-32,193,412,-36,219,449,-50,244,460,-49,263,460,-47,205,394,-49,236,420,-58,260,428,-53,277,428,-49,219,376,-60,246,391,-65,262,396,-60,274,396,-57
221,339,0,236,377,18,244,408,13,256,429,4,274,444,-6,226,424,-20,247,454,-33,264,468,-39,279,479,-44,228,409,-39,260,440,-56,285,450,-58,305,452,-60,236,389,-55,270,414,-67,297,421,-63,317,423,-61,248,368,-70,275,387,-77,296,393,-74,312,395,-72
305,347,0,300,384,6,302,415,-10,308,433,-30,316,443,-49,273,430,-55,281,460,-82,300,463,-90,310,458,-95,276,410,-73,301,436,-101,328,435,-99,339,430,-97,285,388,-88,314,410,-109,340,410,-97,350,405,-89,298,367,-102,323,384,-116,339,386,-109,345,384,-103
242,357,0,252,389,32,258,420,45,266,441,49,274,459,51,257,441,23,267,477,22,274,504,19,280,527,16,260,438,1,272,478,-1,280,508,-7,286,531,-12,266,431,-17,277,471,-23,284,499,-28,289,521,-33,276,422,-34,282,454,-41,286,474,-46,289,492,-50
283,364,0,291,388,21,297,418,26,299,439,26,304,458,24,302,428,4,310,462,-1,312,487,-6,314,508,-10,302,427,-11,309,465,-19,311,494,-26,312,518,-32,302,424,-25,309,462,-32,312,488,-37,313,508,-41,302,419,-36,306,448,-43,309,467,-47,310,482,-51
301,367,0,302,392,32,303,419,42,303,435,45,307,451,44,307,433,17,312,465,16,313,489,14,313,509,11,309,432,-2,313,470,-6,313,498,-10,311,520,-13,311,429,-20,315,467,-23,315,492,-23,313,511,-25,314,424,-36,316,454,-40,316,474,-41,315,490,-42
310,367,0,309,393,30,310,419,40,308,437,42,310,455,42,318,433,17,320,464,16,319,488,13,319,507,10,319,432,-2,319,469,-6,318,496,-10,316,517,-13,318,429,-19,319,466,-23,318,490,-23,316,509,-24,315,425,-34,316,452,-38,316,471,-39,315,487,-40
317,366,0,312,391,24,310,418,31,308,436,31,310,453,29,315,433,10,316,468,6,314,494,2,313,516,-1,315,432,-7,316,471,-13,315,502,-18,313,526,-23,317,429,-22,319,469,-27,319,495,-29,318,516,-31,318,425,-35,318,455,-41,319,475,-43,319,491,-45
271,351,0,270,374,36,273,395,51,281,408,60,290,419,66,275,413,27,291,439,36,305,447,45,311,450,49,280,413,9,295,448,16,308,463,24,314,469,28,290,410,-5,300,448,1,313,464,7,321,472,10,303,404,-17,310,437,-14,315,454,-10,319,464,-8
429,432,0,432,461,40,438,485,57,444,502,69,452,517,77,436,494,26,448,524,29,453,546,31,457,562,32,446,491,5,458,526,2,464,552,0,468,573,-1,457,485,-11,467,521,-16,472,546,-19,473,565,-21,469,477,-23,478,505,-31,480,523,-34,480,537,-36
422,434,0,424,464,43,432,489,62,441,504,74,448,517,83,431,502,31,444,534,35,449,555,38,452,572,39,442,500,9,455,536,8,461,562,7,465,583,6,454,494,-7,466,531,-10,470,555,-11,472,575,-12,467,485,-21,478,511,-26,481,530,-27,481,545,-28
415,411,0,424,427,-18,434,456,-27,442,481,-33,452,498,-40,445,482,-16,454,518,-26,460,543,-36,463,564,-44,447,485,-12,457,522,-22,463,549,-36,466,573,-47,448,484,-10,461,518,-20,468,542,-34,472,561,-44,448,481,-10,461,506,-19,468,525,-29,473,542,-37
415,406,0,415,439,10,424,474,14,433,499,14,443,518,13,439,491,7,449,527,1,453,552,-4,455,572,-9,448,488,-2,458,528,-11,462,555,-22,464,578,-29,456,482,-12,467,519,-23,471,544,-32,473,565,-38,463,474,-21,473,502,-31,478,522,-38,480,539,-43
413,396,0,414,429,34,423,462,51,432,484,60,440,501,68,436,483,32,446,521,35,451,546,37,455,566,37,445,481,13,457,525,12,462,551,10,464,572,9,455,477,-3,468,518,-6,473,543,-8,474,563,-9,464,469,-17,477,500,-21,481,520,-23,482,536,-23
409,390,0,413,426,42,423,459,61,433,480,72,443,495,81,436,479,40,448,517,45,454,541,46,459,560,47,445,477,17,459,519,17,465,545,14,468,566,13,454,470,-2,470,511,-4,475,535,-6,477,554,-7,464,461,-19,477,493,-23,481,512,-24,483,528,-24
410,387,0,410,421,32,418,453,47,427,473,54,435,488,59,438,479,37,448,516,39,454,540,38,458,560,35,447,477,17,459,519,16,464,544,9,467,566,5,456,471,0,470,510,-4,475,533,-10,477,552,-13,465,462,-17,476,493,-22,480,511,-26,482,527,-28
320,409,0,320,442,23,332,468,30,346,485,32,359,496,33,333,477,1,349,509,-2,360,530,-4,368,547,-6,344,472,-12,360,507,-19,371,531,-23,379,551,-26,357,463,-23,372,498,-29,382,521,-31,389,539,-33,370,451,-31,383,478,-37,389,496,-38,394,511,-39
317,402,0,316,437,22,329,464,30,344,482,35,356,493,37,333,475,9,351,507,8,361,528,7,368,545,6,344,470,-4,362,506,-8,372,530,-11,379,551,-13,356,462,-14,374,498,-19,383,521,-21,388,540,-23,368,450,-23,385,477,-28,391,495,-29,395,511,-30
296,389,0,270,391,2,253,405,7,244,419,10,243,432,14,252,418,13,241,438,19,234,452,23,229,463,25,264,427,14,252,446,21,243,459,25,238,470,26,275,433,15,265,451,21,257,461,24,253,468,26,285,438,15,278,452,20,275,459,23,273,464,25
314,397,0,314,433,20,328,462,28,342,482,31,354,495,33,333,475,11,351,507,9,362,527,8,369,545,7,343,470,-2,362,506,-5,373,530,-9,381,551,-12,355,462,-13,373,498,-17,383,521,-20,390,540,-22,367,449,-22,384,476,-27,391,494,-28,394,511,-30
303,387,0,275,390,10,257,403,17,248,417,22,246,429,27,254,415,15,243,435,20,236,449,23,231,460,25,264,423,11,252,444,15,243,457,18,237,469,19,274,428,7,264,447,11,255,459,13,247,467,14,285,431,5,278,447,7,274,454,9,270,459,10
328,414,0,323,437,8,329,461,8,341,479,6,355,490,3,337,464,-12,350,493,-19,360,514,-23,367,529,-26,348,460,-20,362,491,-28,371,514,-33,378,533,-38,360,455,-24,372,486,-30,381,509,-34,387,526,-37,370,449,-28,380,474,-33,387,492,-36,393,508,-39
310,394,0,310,429,19,323,458,28,338,479,32,350,492,35,332,474,16,350,506,17,362,527,17,370,544,16,343,469,4,361,506,3,373,530,0,381,551,-2,355,461,-5,373,498,-7,383,521,-11,390,540,-13,367,448,-14,384,475,-18,391,494,-20,395,511,-21
310,390,0,303,420,8,308,451,12,318,474,14,327,491,15,331,472,7,349,505,6,360,526,4,368,544,2,343,468,0,362,504,-1,373,529,-6,381,551,-9,356,460,-5,373,496,-9,383,519,-14,389,539,-17,368,446,-11,384,473,-16,391,492,-19,394,510,-21
301,383,0,275,387,19,258,400,30,252,414,39,255,426,48,249,413,18,242,434,30,241,445,38,239,451,43,261,421,13,256,438,28,258,439,37,260,437,41,273,427,11,269,440,27,272,437,34,275,431,36,284,430,9,279,442,22,282,439,28,286,433,31
310,391,0,309,425,14,321,456,21,335,477,24,345,491,25,332,473,11,350,506,10,362,527,8,370,545,6,343,468,0,361,505,-1,373,530,-5,381,551,-9,355,460,-8,372,497,-11,382,520,-15,389,539,-18,367,446,-16,383,474,-20,390,493,-22,394,511,-24
309,390,0,308,426,15,320,456,23,335,478,26,347,492,28,331,473,13,350,506,13,362,527,12,370,545,11,342,468,3,362,505,1,373,530,-2,381,551,-5,355,459,-5,373,496,-8,383,520,-12,390,539,-15,367,446,-13,383,474,-17,391,493,-20,395,510,-21
322,410,0,321,446,18,335,478,23,352,496,23,363,507,24,345,492,0,365,526,-1,375,548,0,382,564,0,358,484,-11,385,520,-14,398,542,-12,408,562,-13,371,471,-21,401,499,-23,418,519,-20,429,535,-20,383,452,-30,412,467,-30,430,479,-29,444,490,-28
315,432,0,303,469,3,309,497,2,325,522,2,336,546,2,349,510,-3,376,545,-3,388,566,0,398,582,0,367,498,-5,400,530,-5,418,548,-3,430,562,-1,377,482,-5,407,501,-4,416,504,1,419,505,6,382,465,-6,404,476,-3,406,478,1,404,479,5
330,455,0,323,483,-11,331,512,-19,344,535,-25,352,554,-32,369,515,-16,400,537,-22,420,552,-26,436,563,-29,380,501,-14,407,515,-22,399,510,-21,387,504,-18,385,484,-13,405,495,-20,397,490,-17,387,483,-14,387,467,-13,401,476,-17,395,471,-16,387,465,-14
315,435,0,321,468,-2,338,495,-5,356,517,-8,366,537,-10,376,485,-5,400,500,0,387,499,10,374,492,16,383,468,-7,405,480,-1,394,481,5,382,476,10,385,451,-7,407,459,0,397,461,6,386,457,11,384,432,-8,405,438,-1,397,439,5,387,436,10
311,408,0,320,439,-4,341,463,-7,364,480,-9,382,498,-11,376,454,-2,396,469,4,383,467,12,372,462,16,383,437,-3,400,450,2,389,451,6,378,447,9,384,421,-2,402,431,3,392,431,7,381,428,9,383,404,-3,399,410,2,391,411,7,380,408,10
326,473,0,330,508,4,346,536,8,365,559,11,380,580,15,383,536,13,412,555,21,426,566,27,437,574,31,397,522,13,428,542,20,443,554,25,451,562,28,403,506,13,424,520,21,417,521,29,408,519,34,404,488,12,418,498,19,414,498,26,407,494,31
286,474,0,291,518,0,283,552,6,269,579,8,260,604,12,249,560,45,231,579,57,221,592,60,214,602,60,232,547,42,213,571,54,205,583,49,200,592,46,220,531,35,205,547,40,213,543,36,223,540,34,209,510,27,195,526,29,203,525,27,214,523,27
324,425,0,326,460,4,340,493,3,355,518,0,361,542,-2,379,492,3,416,515,0,437,528,-1,453,538,-3,393,476,-4,434,499,-7,457,514,-10,474,525,-13,399,457,-10,413,469,-9,396,465,-2,383,462,2,401,436,-18,407,447,-15,393,444,-9,381,440,-4
286,426,0,289,462,-17,275,497,-25,260,524,-33,253,546,-40,234,503,1,204,526,-2,183,540,-8,166,549,-15,222,490,2,189,515,-2,167,528,-14,149,538,-23,214,471,0,190,480,-7,202,473,-14,213,469,-18,209,449,-3,188,455,-11,196,454,-16,207,455,-17
279,375,0,277,411,-4,259,447,-9,244,473,-18,240,498,-25,213,444,6,178,462,0,156,473,-4,138,480,-9,203,426,-1,163,445,-9,138,458,-19,117,468,-26,200,405,-10,179,411,-20,199,405,-23,214,403,-22,201,382,-22,183,387,-30,196,388,-31,207,389,-29
283,374,0,281,409,-4,265,443,-11,250,469,-20,242,491,-29,220,442,1,183,461,-6,161,472,-13,142,480,-20,209,425,-6,166,443,-18,140,456,-29,117,467,-37,205,404,-14,180,407,-25,198,399,-26,212,396,-23,206,381,-25,183,385,-33,195,383,-32,207,384,-29
282,380,0,282,415,-5,268,452,-13,254,478,-24,245,499,-34,220,452,0,185,471,-9,163,483,-17,144,491,-25,208,435,-7,167,455,-20,141,469,-32,120,481,-41,203,415,-16,181,418,-27,200,410,-28,215,408,-26,203,391,-27,183,394,-35,195,393,-34,207,394,-32
282,380,0,284,414,-9,270,450,-18,256,475,-28,246,495,-37,221,451,0,185,471,-8,163,482,-16,144,491,-23,210,435,-5,168,455,-16,142,468,-28,121,479,-37,205,416,-11,181,420,-22,199,413,-24,213,410,-24,204,393,-20,183,397,-28,195,395,-29,207,396,-27
305,404,0,306,434,-10,321,465,-20,331,492,-30,333,516,-39,365,466,-18,404,486,-28,426,499,-34,443,508,-40,376,451,-20,418,470,-32,442,483,-38,462,494,-44,380,431,-23,400,435,-29,385,428,-24,371,425,-20,378,410,-28,395,411,-31,384,408,-28,373,407,-24
283,388,0,283,422,-10,270,460,-21,257,487,-34,248,509,-47,223,461,-7,187,481,-20,165,493,-30,146,503,-38,212,445,-14,171,465,-30,146,480,-44,124,492,-54,207,424,-21,182,428,-37,200,419,-39,216,415,-37,207,400,-32,184,404,-43,195,402,-44,208,403,-42
282,386,0,283,420,-9,269,455,-19,257,481,-31,250,502,-42,220,457,-1,185,477,-12,164,488,-20,146,497,-28,209,440,-8,169,460,-22,144,473,-35,124,485,-44,206,420,-16,181,423,-30,201,415,-32,217,411,-30,206,396,-27,183,400,-37,195,399,-38,209,399,-35
282,382,0,285,415,-11,271,450,-21,255,474,-34,245,491,-44,225,458,-9,196,481,-21,178,493,-30,161,502,-38,212,444,-14,170,464,-31,146,476,-45,126,488,-54,206,425,-21,181,427,-37,198,419,-39,214,417,-37,206,400,-31,184,402,-43,196,401,-44,208,402,-42
306,400,0,314,427,-4,333,455,-11,346,478,-21,351,498,-30,372,455,-10,409,474,-19,430,485,-25,447,495,-30,377,444,-18,419,462,-29,444,474,-37,464,486,-45,376,430,-27,398,436,-35,390,431,-37,382,428,-39,368,416,-37,380,424,-44,370,432,-46,361,439,-48
282,381,0,283,415,-10,269,451,-19,256,476,-30,245,493,-41,222,453,-3,192,474,-13,174,485,-21,157,493,-28,210,439,-9,168,457,-23,144,468,-36,123,479,-45,205,419,-16,180,422,-30,198,413,-32,213,409,-30,206,395,-27,183,397,-37,195,395,-38,207,396,-36
282,386,0,282,421,-8,268,456,-16,254,482,-27,248,504,-37,218,459,3,184,478,-4,163,489,-12,145,498,-19,208,442,-3,169,462,-16,145,475,-29,124,487,-39,204,422,-13,181,425,-28,202,416,-33,218,414,-33,205,398,-25,183,401,-38,195,400,-41,208,402,-40
282,385,0,283,420,-9,269,455,-18,255,480,-30,247,501,-41,220,458,-1,184,478,-12,162,489,-21,143,498,-30,209,442,-8,169,461,-22,145,474,-37,123,486,-47,205,422,-16,182,425,-31,202,417,-35,218,414,-34,206,398,-26,183,402,-38,196,401,-40,210,401,-39
283,382,0,282,417,-6,267,452,-14,254,478,-25,245,499,-34,219,450,0,183,470,-8,162,481,-15,144,489,-22,208,432,-6,167,452,-19,142,466,-30,121,478,-39,205,411,-15,180,416,-27,201,409,-29,216,407,-26,206,387,-25,183,393,-35,195,393,-35,209,394,-32
283,376,0,280,410,-9,264,443,-18,249,469,-28,243,491,-38,215,442,1,179,462,-6,157,473,-13,139,480,-20,206,425,-4,165,443,-16,139,455,-29,117,466,-38,203,404,-12,179,409,-27,200,402,-32,216,400,-31,205,381,-23,184,385,-34,197,385,-37,210,386,-36
303,395,0,308,426,-5,327,455,-14,340,481,-25,344,504,-34,372,451,-11,411,468,-21,433,479,-28,452,487,-34,381,436,-17,424,452,-29,450,464,-36,470,473,-42,382,416,-24,406,416,-30,390,410,-25,376,407,-21,377,395,-33,395,392,-36,383,390,-33,372,391,-29
282,373,0,281,408,-4,267,442,-11,253,467,-21,244,487,-29,218,442,1,180,461,-5,158,472,-12,139,480,-18,207,425,-4,164,443,-15,138,456,-26,117,467,-33,202,404,-13,179,406,-22,199,400,-22,214,398,-19,203,382,-23,182,384,-29,196,383,-28,210,384,-25
302,397,0,310,427,-6,331,456,-16,343,480,-28,346,504,-38,374,453,-13,413,469,-25,435,479,-33,454,487,-40,381,437,-20,424,454,-33,451,465,-42,472,474,-49,381,418,-27,407,417,-34,392,409,-30,378,406,-26,376,397,-36,396,393,-41,385,390,-37,373,389,-34
310,396,0,315,425,-6,335,456,-14,347,484,-24,348,509,-32,378,452,-14,418,470,-23,441,481,-29,461,490,-34,389,436,-19,432,454,-28,459,466,-34,480,476,-40,391,416,-24,411,417,-27,394,412,-21,380,411,-17,387,395,-31,402,394,-32,389,392,-28,378,393,-24
286,377,0,284,413,-7,265,447,-12,248,473,-21,242,497,-28,217,447,6,181,465,0,158,476,-6,140,483,-12,206,431,0,166,451,-8,141,464,-20,120,474,-28,202,410,-8,177,413,-18,193,405,-23,208,403,-23,203,387,-19,181,390,-28,190,389,-30,200,390,-30
308,397,0,313,426,-3,334,457,-11,346,484,-20,348,510,-28,377,453,-14,418,470,-23,442,481,-28,461,489,-32,387,438,-20,430,454,-28,458,466,-33,480,476,-37,389,418,-24,410,417,-26,396,412,-18,382,410,-13,385,396,-32,401,394,-30,390,391,-24,379,392,-20
284,380,0,280,414,-3,261,448,-8,247,474,-16,242,496,-23,216,447,4,178,464,0,157,476,-6,139,484,-11,206,430,-2,164,450,-9,139,463,-19,119,473,-26,203,410,-10,177,413,-18,194,405,-19,209,403,-17,204,387,-21,182,390,-27,192,389,-27,204,391,-25
310,399,0,315,430,-6,337,462,-15,350,490,-25,352,515,-33,383,455,-10,423,475,-20,447,486,-25,465,494,-30,393,437,-15,439,457,-25,466,469,-31,488,478,-36,394,416,-21,419,423,-26,402,420,-19,386,418,-14,389,395,-29,410,398,-31,397,397,-26,384,397,-21
282,382,0,278,418,-2,260,453,-7,246,480,-15,241,503,-22,215,452,7,177,469,2,156,480,-3,137,489,-8,204,434,0,163,453,-7,138,466,-18,117,477,-25,200,413,-9,176,415,-18,196,408,-19,212,406,-17,201,389,-20,180,393,-28,193,392,-27,207,394,-25
285,384,0,282,421,0,263,457,-2,247,482,-10,240,505,-18,217,455,10,179,474,5,157,485,0,138,494,-5,207,437,0,164,456,-6,138,469,-16,116,479,-24,203,416,-10,176,419,-18,195,411,-19,212,407,-17,202,392,-22,179,397,-30,191,396,-29,205,396,-27
311,397,0,317,430,-5,338,462,-12,352,491,-21,355,514,-29,387,457,-3,426,477,-12,449,487,-18,467,495,-23,397,440,-10,441,458,-19,468,470,-27,489,480,-34,397,419,-18,421,428,-24,403,424,-21,388,422,-18,390,397,-28,410,402,-33,398,400,-30,385,399,-26
309,404,0,318,435,2,339,464,-3,353,491,-11,358,514,-18,384,459,-7,423,478,-14,447,490,-18,465,499,-23,391,443,-16,438,460,-23,467,472,-27,489,483,-31,391,423,-23,420,428,-24,405,425,-16,391,424,-11,385,402,-33,408,403,-32,396,402,-26,384,401,-21
282,386,0,279,423,0,261,459,-3,247,485,-10,242,508,-18,218,459,9,181,477,2,159,489,-4,142,497,-10,207,442,0,165,462,-9,140,475,-20,119,485,-28,202,421,-12,176,425,-20,193,418,-21,208,416,-20,201,397,-24,180,402,-32,190,402,-32,203,404,-30
312,406,0,319,436,-3,339,465,-11,351,492,-21,355,515,-29,384,461,-8,423,481,-16,446,493,-22,464,501,-27,392,445,-15,438,464,-24,465,476,-29,486,486,-35,393,425,-21,417,429,-25,400,425,-19,386,424,-15,387,404,-30,407,405,-32,394,404,-27,381,404,-23
282,391,0,280,426,-2,262,462,-7,247,488,-15,243,511,-22,217,462,8,180,481,2,158,493,-2,140,501,-8,207,445,0,166,466,-8,141,478,-18,119,488,-26,202,425,-11,175,428,-21,193,420,-24,209,417,-23,202,402,-23,180,405,-32,192,404,-33,205,405,-32
313,403,0,319,433,-5,338,463,-12,350,492,-20,355,515,-27,383,460,-9,422,482,-16,446,493,-21,465,501,-25,393,444,-13,438,464,-20,464,476,-24,485,486,-29,394,424,-17,419,431,-19,403,428,-13,390,427,-9,389,404,-23,409,407,-24,397,406,-19,384,406,-15
283,392,0,280,428,1,262,463,-2,248,488,-10,243,511,-17,218,463,8,181,480,2,159,492,-3,141,500,-9,208,446,-1,166,466,-9,140,478,-19,118,489,-26,204,425,-12,177,427,-20,196,420,-19,212,419,-17,204,401,-25,181,404,-32,193,404,-30,207,407,-27
312,405,0,317,436,-5,335,466,-13,347,492,-22,351,515,-30,380,464,-9,419,484,-18,442,495,-24,461,503,-29,388,449,-14,434,466,-23,460,478,-29,481,489,-36,390,430,-20,415,436,-24,400,433,-21,387,432,-18,385,411,-27,405,412,-30,393,411,-27,381,411,-25
284,395,0,281,430,-4,264,466,-10,250,494,-19,244,517,-27,219,465,4,182,485,-2,161,497,-7,143,506,-13,209,449,-3,168,470,-12,142,482,-22,121,492,-30,205,428,-12,176,431,-24,195,422,-27,210,419,-26,205,406,-24,182,408,-34,194,407,-35,207,408,-33
315,406,0,319,438,-2,336,467,-9,347,493,-17,351,516,-25,381,464,-8,420,484,-15,442,495,-19,461,504,-24,390,447,-14,435,467,-21,462,480,-26,483,490,-31,392,427,-20,416,433,-22,400,429,-16,386,428,-11,388,406,-28,408,409,-28,394,408,-23,380,408,-18
285,395,0,283,431,0,265,467,-4,250,494,-12,243,517,-18,220,465,7,181,485,3,160,497,0,142,507,-5,210,450,0,168,470,-7,142,482,-15,120,492,-21,206,429,-10,178,430,-17,196,422,-17,211,420,-14,206,406,-22,182,409,-28,195,408,-26,208,409,-23
308,413,0,315,443,-3,333,471,-12,343,496,-22,346,519,-31,377,466,-14,416,487,-23,438,499,-28,456,508,-33,385,450,-20,430,469,-29,457,482,-33,478,492,-38,386,430,-26,412,436,-28,397,433,-21,383,433,-16,382,409,-33,402,412,-34,390,411,-28,378,411,-23
284,399,0,282,434,-2,267,469,-9,253,496,-20,244,520,-29,223,471,0,185,491,-8,162,503,-16,143,511,-22,213,455,-9,170,476,-22,145,487,-33,124,496,-41,208,434,-19,183,434,-32,202,426,-32,217,424,-30,208,411,-32,186,412,-41,200,410,-41,215,413,-38
306,418,0,312,447,-7,329,476,-18,339,500,-29,342,523,-40,371,471,-19,410,491,-32,431,502,-40,450,511,-47,380,456,-25,424,473,-37,450,484,-46,471,494,-54,381,436,-30,405,439,-36,390,434,-33,378,432,-32,376,416,-38,394,415,-42,383,413,-40,373,413,-38
286,403,0,286,439,-5,273,474,-15,260,499,-28,251,520,-39,227,472,-3,192,491,-15,170,503,-25,152,511,-34,215,457,-11,175,477,-27,150,491,-41,128,502,-52,210,437,-21,185,438,-35,203,432,-38,217,432,-37,209,415,-33,188,417,-43,201,416,-44,214,418,-42
307,419,0,312,447,-7,327,475,-18,337,500,-30,343,522,-41,372,471,-18,410,491,-30,432,503,-38,451,512,-44,382,455,-24,425,474,-36,451,486,-44,471,496,-51,384,435,-29,406,439,-36,389,436,-31,375,434,-29,379,414,-37,397,414,-41,385,413,-38,373,413,-35
286,404,0,286,438,-7,271,474,-14,256,499,-25,247,520,-34,224,474,0,189,491,-9,167,503,-17,149,511,-24,212,459,-6,172,479,-17,146,491,-29,125,500,-39,208,440,-15,185,443,-25,202,436,-28,215,434,-28,208,416,-25,189,420,-34,200,419,-35,212,421,-34
302,422,0,310,449,-2,326,477,-11,335,503,-22,340,524,-32,365,474,-18,405,494,-29,427,506,-35,446,516,-41,372,460,-25,418,477,-36,445,489,-43,466,500,-49,374,441,-31,401,440,-35,387,433,-28,374,431,-25,371,419,-39,392,417,-41,381,414,-36,370,413,-32
289,407,0,290,443,-5,277,477,-14,262,503,-26,252,525,-36,231,478,-2,197,497,-13,175,509,-22,157,518,-30,219,462,-10,178,482,-26,153,495,-40,130,506,-49,214,443,-20,189,443,-35,206,435,-37,220,433,-35,215,419,-31,192,421,-42,202,419,-43,214,420,-42
305,425,0,309,452,-7,322,482,-19,328,509,-31,330,533,-42,363,480,-23,402,500,-35,423,512,-43,440,521,-50,372,464,-28,415,482,-42,440,495,-49,460,505,-56,375,445,-33,396,444,-39,381,438,-33,367,435,-30,372,424,-40,389,420,-43,377,417,-39,365,417,-36
292,412,0,303,447,-16,301,480,-34,298,509,-53,298,532,-72,238,486,-16,204,509,-34,183,522,-49,164,531,-61,227,471,-23,187,493,-45,161,506,-64,137,517,-78,222,450,-31,195,456,-53,214,449,-60,230,447,-62,223,426,-43,199,431,-59,210,431,-64,224,432,-65
292,420,0,293,451,-9,305,485,-19,311,514,-30,313,539,-39,348,485,-13,384,506,-23,404,519,-30,422,530,-36,358,470,-17,398,490,-28,423,505,-37,442,517,-44,362,451,-21,382,454,-27,368,447,-24,356,444,-22,360,430,-28,378,432,-32,367,429,-29,355,428,-27
299,420,0,294,459,-5,277,489,-12,255,502,-22,242,511,-31,241,492,0,206,509,-10,183,519,-20,164,527,-28,230,477,-7,192,497,-24,167,511,-40,144,523,-51,224,457,-17,201,464,-35,220,460,-41,235,461,-42,221,433,-29,200,440,-42,212,440,-46,225,441,-46
298,425,0,301,458,-16,293,492,-29,284,517,-43,278,538,-55,245,496,-16,211,519,-29,190,532,-41,171,543,-51,234,481,-17,196,505,-34,173,519,-50,152,531,-61,228,463,-20,202,469,-36,218,460,-42,232,456,-43,227,442,-26,205,446,-37,216,443,-41,228,443,-41
307,429,0,311,464,-7,302,498,-17,292,525,-31,288,548,-44,256,504,-7,223,526,-20,201,540,-32,182,551,-41,244,489,-15,207,512,-32,182,527,-47,160,540,-58,237,470,-23,206,476,-41,222,467,-45,238,462,-44,235,448,-34,209,453,-47,219,451,-49,233,450,-48
310,449,0,316,485,0,306,518,-3,288,540,-10,272,559,-16,275,522,2,249,550,-3,232,568,-10,218,581,-17,260,508,-3,234,540,-14,216,561,-26,200,578,-35,249,491,-9,232,512,-17,244,506,-16,256,499,-15,239,472,-16,226,492,-21,235,492,-18,245,487,-16
304,451,0,314,481,-5,314,514,-14,312,540,-24,312,561,-34,279,522,-8,253,550,-18,237,567,-28,222,581,-37,264,510,-12,238,540,-26,221,561,-40,207,579,-50,253,494,-17,234,512,-28,244,503,-29,255,496,-28,243,474,-24,226,489,-31,233,488,-30,243,485,-29
305,453,0,313,487,-11,313,518,-18,307,545,-26,303,566,-33,277,522,2,253,544,-3,237,557,-9,223,568,-16,263,510,0,236,533,-9,218,548,-22,201,562,-31,253,493,-4,237,507,-16,250,498,-23,259,493,-25,245,474,-10,232,486,-20,241,483,-25,251,480,-27
307,436,0,330,433,-21,349,438,-33,358,447,-43,363,455,-53,348,484,-17,351,504,-25,350,510,-31,347,511,-36,332,497,-12,333,519,-19,329,523,-28,326,522,-34,317,502,-9,315,526,-15,310,532,-24,306,532,-31,302,502,-7,296,523,-13,290,533,-19,286,537,-24
502,443,0,530,464,5,542,490,12,541,511,17,536,528,23,520,510,21,517,530,29,518,542,36,521,548,40,501,508,20,501,529,28,503,542,32,507,550,35,483,502,18,483,522,24,485,534,27,488,540,30,465,493,17,464,510,21,466,520,23,470,526,26
504,444,0,531,466,6,542,492,12,541,516,18,534,533,24,520,511,17,517,532,26,519,543,33,521,549,37,502,509,16,502,530,24,505,542,29,509,550,33,484,503,15,484,524,22,486,535,26,491,542,29,465,493,15,465,511,19,468,522,23,472,529,25
509,435,0,537,462,-7,552,499,-9,562,528,-13,579,547,-15,524,520,15,516,546,17,514,544,18,516,536,19,505,517,14,497,544,12,497,538,6,501,527,4,486,510,10,479,536,7,479,532,1,483,525,-1,468,501,6,461,525,4,462,528,1,467,527,0
298,470,0,326,505,18,357,521,25,385,520,28,401,513,33,403,498,10,423,493,26,411,489,40,398,488,46,402,472,2,420,469,20,409,469,32,394,469,36,395,448,-1,411,448,18,398,450,30,383,452,32,385,428,-4,399,429,13,388,433,24,375,436,28
360,462,0,364,494,6,375,520,6,388,536,5,401,537,5,411,513,-8,437,522,-1,429,516,8,419,510,14,413,494,-12,439,501,-6,433,497,4,423,491,10,412,474,-14,435,479,-7,429,477,3,421,474,9,410,455,-15,427,459,-9,422,458,-2,415,456,2
330,479,0,340,521,4,370,545,10,401,546,16,416,530,22,415,522,10,437,526,29,432,520,42,428,515,48,423,497,10,440,502,33,432,501,43,425,496,46,422,474,11,437,480,32,429,482,36,420,480,34,418,452,12,431,459,28,423,462,33,415,462,34
329,478,0,340,520,5,370,545,11,401,546,16,416,531,22,414,522,11,437,525,29,430,520,42,424,516,48,422,497,9,438,501,32,428,500,42,419,495,44,421,473,10,434,479,31,424,481,35,414,479,32,417,451,10,428,458,26,419,461,31,409,461,31
331,486,0,342,532,8,373,556,14,404,555,19,419,540,25,416,533,9,435,535,27,420,530,41,408,526,47,424,507,6,436,512,30,421,510,41,408,505,43,424,483,6,432,488,29,419,490,35,408,488,32,419,460,7,427,467,25,416,470,31,406,470,32
334,492,0,346,540,11,376,563,18,406,562,24,420,548,30,418,544,12,434,545,31,419,540,45,408,537,51,427,517,9,436,521,33,420,518,45,408,514,48,427,492,8,434,497,32,420,497,38,409,495,36,422,469,8,430,475,27,418,477,34,407,478,36
333,492,0,346,539,10,376,563,17,406,562,23,421,547,29,419,543,13,435,544,32,421,539,44,410,536,51,427,516,9,437,520,34,422,517,45,410,513,48,427,491,9,436,496,32,422,497,38,411,495,36,422,468,9,431,474,27,419,477,34,409,478,35
316,497,0,338,466,2,370,448,0,398,442,-8,418,442,-14,398,468,19,419,447,14,396,444,12,377,452,10,401,485,9,419,461,-1,391,459,-10,377,468,-14,400,503,-1,418,478,-11,391,475,-16,376,486,-17,397,525,-13,411,500,-15,393,494,-15,381,501,-15
314,494,0,331,465,0,361,443,-5,388,433,-15,412,434,-23,394,462,10,413,446,4,388,445,4,371,453,3,395,480,0,414,463,-13,383,462,-16,369,470,-15,394,500,-11,411,482,-23,381,480,-21,367,490,-17,389,522,-24,405,503,-28,384,499,-24,372,506,-20
314,494,0,330,465,0,361,443,-5,388,433,-15,412,434,-24,394,462,10,413,446,4,388,445,3,371,453,3,395,480,0,414,463,-13,383,462,-16,369,470,-15,393,499,-11,411,482,-23,381,480,-21,367,490,-17,389,522,-24,405,503,-28,384,499,-24,372,506,-20
315,490,0,330,463,0,361,440,-6,387,429,-16,412,429,-24,395,460,7,412,444,1,388,442,0,372,450,0,396,477,-2,413,460,-15,382,459,-18,368,467,-16,394,496,-14,410,478,-26,381,476,-23,367,485,-19,389,518,-26,404,498,-31,383,494,-27,370,501,-23
315,490,0,330,463,0,361,440,-6,387,429,-16,412,429,-24,395,460,7,412,444,1,388,442,1,372,450,0,396,477,-2,413,460,-15,382,459,-18,368,467,-16,394,496,-13,410,478,-25,381,476,-23,367,485,-19,390,519,-26,404,498,-31,383,494,-27,370,501,-23
314,487,0,329,459,0,360,436,-4,387,426,-13,412,427,-21,392,454,8,412,438,2,387,436,2,372,444,2,394,471,-1,413,454,-15,381,454,-17,369,463,-14,393,491,-13,410,473,-26,380,472,-23,368,482,-17,389,514,-26,404,494,-31,383,491,-27,372,499,-22
316,489,0,330,461,0,361,437,-6,388,427,-14,412,428,-22,393,455,6,412,440,0,387,439,1,372,446,1,394,472,-2,413,457,-15,382,457,-17,369,465,-14,393,492,-13,410,475,-25,381,475,-22,368,484,-17,390,516,-25,404,496,-30,383,493,-26,372,500,-22
316,489,0,330,461,0,361,437,-6,388,427,-15,412,428,-22,392,455,6,412,440,0,387,439,1,372,446,1,394,472,-3,413,457,-15,382,457,-17,369,465,-14,393,492,-14,410,476,-26,381,475,-22,368,484,-17,389,516,-25,404,497,-30,383,493,-26,372,501,-22
315,490,0,331,463,0,361,440,-6,387,429,-15,412,430,-24,394,461,9,412,445,3,388,443,3,372,451,2,394,477,0,413,461,-13,382,460,-16,368,468,-14,392,496,-12,410,479,-24,381,477,-22,367,485,-18,388,519,-24,405,499,-29,384,495,-26,371,501,-22
314,494,0,331,465,0,361,443,-6,388,433,-16,412,433,-24,394,463,10,413,446,4,388,444,4,372,452,3,395,480,0,414,463,-13,383,462,-16,370,470,-14,393,500,-11,411,482,-23,381,480,-21,368,489,-17,389,522,-24,405,503,-28,384,498,-24,372,505,-20
314,494,0,331,465,0,361,443,-6,388,433,-16,412,433,-24,394,463,10,413,446,4,388,444,4,372,452,4,395,480,0,414,463,-12,383,462,-16,370,470,-14,393,500,-11,411,482,-23,381,480,-21,368,489,-17,389,522,-23,405,503,-28,384,498,-24,372,505,-20
313,501,0,335,470,1,370,449,-3,399,440,-14,423,442,-23,407,482,11,427,466,4,405,455,3,385,455,2,407,500,0,424,477,-14,396,467,-20,377,471,-20,403,519,-12,413,496,-25,384,490,-25,367,497,-21,394,540,-25,404,518,-30,383,511,-28,370,517,-25
307,505,0,333,476,-1,358,460,-5,382,449,-14,404,441,-22,391,496,22,420,492,17,435,486,9,442,482,4,389,512,14,425,513,2,423,503,-10,415,495,-16,385,528,4,415,528,-7,398,517,-15,382,512,-17,377,544,-5,406,547,-14,396,537,-18,382,530,-19
403,449,0,428,475,-2,439,505,-3,439,531,-7,435,555,-9,420,528,8,421,557,8,425,558,9,428,551,10,404,527,5,406,558,2,410,553,-1,412,543,-2,389,523,1,390,550,0,396,544,-4,400,535,-6,375,515,-3,376,536,-4,382,536,-5,387,530,-6
329,518,0,356,496,0,391,488,-12,416,491,-27,431,496,-43,421,505,-10,459,502,-29,486,500,-46,510,500,-59,416,525,-21,426,515,-47,404,508,-58,395,508,-62,408,543,-32,413,532,-52,388,522,-54,376,522,-53,395,561,-45,405,549,-54,387,540,-53,374,540,-51
325,518,0,363,503,17,394,505,17,414,509,12,424,513,8,412,554,9,426,529,4,409,515,2,395,517,0,408,563,-7,418,531,-16,399,516,-19,387,521,-21,400,567,-22,410,534,-29,392,519,-27,379,522,-27,389,567,-37,398,539,-40,385,526,-37,373,529,-36
306,510,0,323,485,-29,360,467,-49,390,456,-68,407,444,-87,397,501,-38,440,503,-60,467,503,-75,492,506,-87,392,525,-37,433,525,-62,450,521,-77,473,521,-87,379,545,-38,401,546,-62,377,532,-67,362,524,-66,361,560,-42,373,562,-58,362,550,-62,354,541,-62
344,483,0,353,492,-30,365,505,-46,374,515,-57,380,523,-68,360,529,-39,392,537,-54,413,547,-64,427,557,-69,343,535,-29,350,561,-43,353,572,-52,356,581,-59,325,535,-20,322,560,-31,319,565,-37,318,570,-42,308,530,-14,301,547,-20,297,551,-25,296,553,-28
347,479,0,356,489,-29,367,502,-45,375,513,-57,381,522,-68,366,528,-39,401,539,-54,424,549,-65,439,557,-71,350,534,-29,354,564,-44,352,577,-56,350,585,-64,332,535,-20,328,563,-32,322,570,-40,317,574,-46,315,532,-14,308,552,-22,302,557,-27,298,561,-32
168,473,0,196,495,5,212,526,3,216,551,-3,214,569,-8,195,556,11,197,573,6,200,559,3,201,548,0,180,554,0,182,564,-11,186,539,-19,185,525,-23,162,550,-10,167,560,-21,172,535,-24,171,520,-25,143,542,-21,144,563,-28,150,553,-30,152,543,-31
165,474,0,199,493,2,223,523,0,234,549,-8,242,565,-16,198,562,14,208,573,8,210,556,2,208,544,-3,181,563,4,191,562,-8,189,533,-20,184,516,-27,162,561,-7,177,557,-20,176,529,-27,171,514,-31,141,555,-19,156,560,-26,160,539,-29,158,525,-31
107,465,0,132,495,-10,147,529,-21,159,558,-36,173,571,-50,114,556,-11,106,595,-26,102,618,-40,98,638,-51,95,550,-19,86,591,-41,82,617,-59,79,641,-72,78,534,-29,61,563,-54,67,550,-63,77,534,-66,63,513,-41,48,533,-59,57,527,-65,70,517,-67
107,464,0,132,494,-9,146,528,-21,159,557,-36,174,570,-51,114,556,-12,106,594,-29,102,618,-44,99,638,-56,96,549,-21,87,590,-44,82,616,-63,80,640,-77,78,533,-31,62,563,-55,67,550,-65,76,536,-68,64,511,-43,48,532,-61,57,527,-67,70,516,-69
109,468,0,134,497,-11,147,532,-24,161,561,-41,177,573,-58,114,563,-15,107,601,-35,104,623,-50,101,642,-63,95,555,-26,84,598,-51,81,624,-72,79,645,-86,78,538,-38,61,570,-65,66,561,-77,76,549,-82,65,514,-52,50,534,-73,58,532,-81,70,523,-85
109,473,0,136,503,-10,150,537,-24,162,567,-41,177,581,-58,113,567,-15,105,606,-35,102,629,-50,99,648,-62,94,558,-27,83,602,-52,80,629,-73,78,651,-87,78,540,-39,59,573,-68,66,564,-80,77,551,-85,65,515,-53,49,539,-76,59,537,-84,73,527,-87
108,474,0,135,504,-9,149,538,-23,161,568,-40,178,581,-57,113,568,-16,106,607,-35,103,630,-50,99,649,-62,94,559,-27,84,603,-53,81,630,-73,79,653,-87,77,541,-40,60,574,-69,69,563,-80,80,548,-83,64,516,-54,49,541,-76,62,537,-83,75,525,-86
105,486,0,132,509,-4,150,545,-14,164,571,-25,178,584,-37,119,570,-19,111,606,-33,106,631,-44,102,650,-53,99,564,-26,89,607,-43,83,633,-56,79,653,-65,83,549,-33,69,581,-48,70,578,-54,74,572,-56,71,529,-41,60,546,-52,63,542,-55,67,535,-57
105,482,0,132,500,-13,149,525,-27,160,547,-44,170,563,-60,123,566,-19,120,605,-36,118,630,-52,115,650,-65,104,563,-24,100,604,-46,99,630,-66,97,652,-81,87,553,-30,79,578,-50,87,566,-58,94,552,-61,69,535,-38,59,557,-53,68,551,-58,78,540,-60
106,482,0,132,499,-12,149,525,-27,160,547,-43,170,563,-59,123,566,-18,120,605,-34,118,630,-49,115,650,-62,105,563,-23,101,604,-43,99,630,-63,97,651,-76,87,553,-28,80,578,-46,86,564,-53,93,549,-56,69,536,-36,59,557,-50,68,550,-53,77,539,-55
446,490,0,428,526,0,399,556,-5,384,581,-13,375,605,-23,351,522,0,309,523,-4,282,524,-9,259,526,-15,351,501,-8,305,502,-11,276,506,-16,254,508,-22,357,482,-18,320,486,-22,304,495,-25,290,503,-30,366,466,-29,347,469,-32,348,474,-33,350,478,-34
146,532,0,186,517,-8,223,509,-20,249,502,-36,273,491,-51,240,561,-4,275,585,-18,296,598,-29,316,611,-39,227,577,-14,266,601,-36,293,615,-52,316,630,-63,211,588,-27,229,585,-51,206,564,-56,193,553,-55,195,597,-42,211,596,-59,195,580,-62,183,572,-61
442,468,0,425,504,0,398,536,-5,385,561,-16,375,583,-27,348,501,21,306,506,17,280,509,10,258,510,3,349,480,8,305,484,2,277,486,-9,256,485,-20,353,460,-7,338,471,-16,364,473,-24,380,471,-28,359,442,-25,348,454,-34,366,458,-38,378,457,-40
160,539,0,195,515,-10,232,494,-20,259,483,-33,277,469,-47,265,514,-11,306,502,-24,331,493,-35,352,489,-45,261,532,-20,304,514,-35,331,502,-49,352,493,-62,250,554,-30,284,531,-50,290,513,-64,297,501,-73,235,578,-43,253,556,-59,245,539,-68,238,530,-74
157,537,0,196,509,1,237,489,-6,267,479,-20,289,472,-35,262,521,7,302,510,-10,326,501,-28,347,493,-42,256,545,-5,270,535,-33,240,530,-51,218,527,-59,246,568,-20,254,555,-44,225,547,-54,206,541,-57,235,590,-35,243,577,-48,223,564,-52,210,558,-54
174,543,0,207,511,-8,236,490,-17,258,477,-31,275,471,-44,279,523,10,319,522,-1,345,521,-15,365,522,-27,276,542,0,319,542,-16,349,540,-39,370,538,-56,268,562,-12,288,554,-31,263,541,-45,243,534,-51,258,581,-27,275,575,-42,260,561,-50,245,551,-55
199,542,0,212,516,-7,243,488,-17,262,471,-30,274,460,-44,286,520,4,322,518,-7,345,517,-18,364,519,-27,286,539,-6,330,539,-23,360,537,-39,385,537,-51,279,559,-18,292,549,-37,262,540,-41,243,536,-39,269,578,-34,279,569,-48,259,559,-49,245,556,-47
201,550,0,220,519,-5,246,499,-15,266,489,-28,282,484,-42,283,521,1,315,515,-10,335,515,-23,351,519,-34,284,537,-9,322,534,-29,352,534,-49,376,536,-64,277,557,-21,291,550,-41,271,541,-49,254,536,-52,266,577,-36,282,572,-51,271,558,-56,260,549,-58
181,578,0,215,544,-1,251,518,-8,277,500,-21,297,483,-34,281,548,9,317,528,-2,337,514,-13,354,504,-22,282,569,-3,321,565,-23,348,559,-42,369,555,-54,277,592,-18,290,583,-38,260,576,-45,242,576,-45,268,615,-34,282,607,-47,261,596,-49,245,593,-48
177,581,0,217,542,10,250,519,10,275,504,3,294,493,-2,279,553,38,312,531,34,332,515,26,347,503,18,280,573,22,319,568,13,349,564,-5,370,563,-19,275,593,3,295,581,-7,274,570,-17,257,566,-22,268,613,-16,287,604,-25,273,591,-29,258,585,-31
178,551,0,218,522,4,245,501,0,265,486,-11,278,472,-22,279,526,8,315,512,-3,338,501,-15,356,493,-25,277,543,-7,319,541,-25,350,539,-46,372,537,-61,270,563,-22,292,561,-42,269,557,-52,249,556,-57,262,585,-39,282,587,-54,268,579,-60,254,575,-64
439,451,0,422,487,-1,398,521,-3,386,547,-10,380,573,-17,355,489,25,321,511,26,300,525,22,283,536,17,353,467,16,321,471,14,301,472,4,283,472,-2,355,446,5,348,458,0,370,459,-8,382,458,-11,359,426,-8,352,439,-13,365,444,-17,373,447,-19
181,560,0,214,531,0,247,507,-6,271,490,-18,284,474,-30,278,532,8,312,512,-4,331,497,-14,348,486,-22,280,553,-4,321,552,-23,350,551,-41,374,551,-54,275,575,-18,288,570,-36,261,561,-42,243,559,-42,266,597,-34,280,592,-45,261,582,-46,247,577,-45
179,569,0,215,533,7,244,512,5,268,497,-4,286,487,-13,279,540,27,312,516,19,333,499,10,348,485,1,281,560,10,320,556,-3,350,552,-23,373,549,-37,275,579,-7,293,569,-23,271,556,-33,255,550,-37,266,597,-26,285,591,-39,272,577,-43,259,567,-45
437,455,0,419,495,-4,397,527,-5,386,554,-8,380,577,-12,349,495,24,317,517,29,297,531,29,280,544,27,347,470,20,306,475,30,278,481,27,259,486,22,351,449,13,325,461,18,322,469,14,320,475,8,357,431,4,348,445,5,353,453,2,357,459,0
184,572,0,215,539,0,245,514,-6,267,497,-18,279,483,-29,282,541,13,315,521,2,333,507,-6,349,495,-13,283,562,0,323,559,-18,350,555,-34,371,553,-45,276,582,-15,290,574,-34,260,564,-39,243,562,-37,266,602,-32,281,595,-44,260,584,-45,245,580,-43
182,574,0,216,538,3,240,516,-1,259,499,-13,274,485,-24,280,542,19,313,523,9,333,508,-1,349,497,-10,279,561,3,320,558,-11,350,555,-32,372,552,-47,272,581,-13,295,574,-30,279,564,-41,264,559,-46,262,599,-31,283,596,-44,272,583,-50,260,576,-53
183,570,0,217,535,4,243,515,0,262,500,-10,274,487,-20,278,541,13,312,523,3,332,511,-6,348,502,-15,278,560,0,320,556,-16,350,552,-35,371,548,-49,272,580,-16,296,571,-31,280,561,-41,264,556,-45,263,601,-32,284,597,-44,274,585,-49,263,577,-52
181,574,0,217,537,5,244,515,1,263,498,-9,279,482,-19,279,544,22,314,524,13,336,511,2,354,501,-6,278,564,6,319,558,-8,349,554,-29,371,549,-44,272,583,-11,293,573,-28,273,561,-39,256,555,-44,265,602,-30,285,597,-43,274,584,-49,262,576,-52
181,571,0,215,537,6,243,518,3,261,505,-5,274,489,-14,280,542,19,316,525,12,337,513,4,353,504,-3,279,562,4,321,559,-8,351,557,-26,373,554,-39,273,582,-12,291,570,-26,267,561,-35,248,559,-38,266,602,-30,282,593,-41,268,583,-46,255,578,-48
197,553,0,211,527,-7,246,501,-16,271,485,-29,288,472,-41,281,531,3,316,519,-8,337,510,-20,354,505,-30,280,552,-5,320,552,-22,343,551,-40,361,552,-52,273,572,-14,285,563,-31,259,554,-36,240,551,-36,263,593,-27,273,584,-39,256,576,-41,242,573,-40
184,548,0,208,518,-2,233,500,-12,252,488,-27,270,480,-42,279,529,10,315,526,0,340,526,-13,359,528,-24,275,547,-3,314,544,-20,342,543,-39,364,544,-53,266,565,-19,281,551,-36,257,539,-44,239,535,-47,255,582,-37,270,571,-51,256,557,-55,243,551,-57
192,542,0,209,514,-6,236,493,-14,256,479,-27,273,472,-39,279,524,11,317,525,1,340,526,-10,360,528,-20,276,543,0,319,547,-15,348,546,-34,372,548,-48,269,562,-12,285,551,-30,259,539,-40,241,533,-43,259,579,-27,272,567,-41,254,555,-47,240,549,-49
193,538,0,215,509,-6,244,486,-15,265,473,-28,280,468,-41,283,521,5,317,522,-6,338,520,-19,354,519,-31,279,542,-3,319,545,-22,342,542,-43,360,541,-58,272,561,-15,285,551,-34,258,538,-44,240,532,-48,261,580,-29,272,571,-44,253,558,-50,238,551,-53
187,541,0,213,510,-1,243,485,-7,265,469,-19,281,459,-31,281,524,16,318,528,7,341,530,-3,362,532,-13,278,542,4,316,542,-8,342,540,-26,361,540,-39,270,561,-9,283,549,-23,255,539,-32,237,537,-35,260,580,-25,271,569,-36,252,558,-40,237,554,-41
184,543,0,211,508,-5,251,480,-14,283,464,-27,309,455,-39,282,520,3,321,524,-8,344,527,-18,366,531,-26,279,540,-6,322,543,-25,349,540,-41,373,539,-51,270,561,-19,286,552,-38,255,540,-41,237,536,-38,258,581,-33,272,574,-46,251,562,-46,236,557,-43
178,543,0,209,510,2,237,490,-2,257,477,-14,272,467,-25,279,527,22,317,527,16,341,528,6,363,530,-3,277,544,7,318,544,-4,349,544,-23,374,546,-38,269,562,-10,283,544,-24,256,534,-33,238,534,-37,259,578,-29,273,566,-41,257,552,-46,245,548,-48
178,538,0,210,510,-5,238,488,-12,258,474,-24,274,468,-36,278,524,14,317,523,4,342,521,-8,363,522,-20,275,541,4,317,540,-10,346,538,-33,365,539,-49,269,559,-8,285,550,-27,259,538,-40,238,533,-47,260,577,-23,275,570,-38,259,557,-47,243,549,-52
173,539,0,212,508,-1,250,484,-3,280,468,-10,303,455,-17,278,518,25,312,508,21,333,498,14,350,492,6,276,537,15,314,529,7,337,521,-8,352,516,-21,269,558,2,285,545,-9,259,534,-21,241,529,-27,259,579,-11,274,568,-22,257,557,-29,243,550,-33
162,548,0,193,520,0,222,506,0,248,505,-6,267,506,-11,256,530,17,290,532,14,312,529,8,330,527,2,254,549,7,295,551,0,318,549,-14,333,549,-24,247,568,-3,264,567,-16,242,561,-25,224,558,-28,239,588,-16,252,585,-28,236,577,-34,222,572,-36
162,558,0,191,527,-4,222,511,-8,246,510,-16,266,515,-25,260,541,12,304,541,4,330,539,-3,352,539,-10,257,560,1,307,566,-12,339,566,-29,362,565,-42,250,580,-10,266,570,-28,238,562,-38,219,559,-41,241,598,-25,253,589,-40,235,579,-48,222,574,-51
151,563,0,179,532,-6,213,519,-15,239,522,-28,263,521,-41,252,540,-5,302,537,-19,333,534,-31,361,532,-42,248,561,-16,302,563,-37,338,563,-57,367,562,-72,238,581,-29,257,571,-51,229,563,-60,208,560,-62,226,600,-43,238,589,-62,219,579,-68,205,575,-71
129,555,0,163,526,0,196,514,-2,223,521,-10,239,536,-20,235,544,25,280,547,15,310,550,-1,335,552,-15,230,562,14,236,549,-8,200,545,-29,174,545,-37,223,581,0,225,563,-21,195,557,-38,174,556,-45,216,598,-15,224,589,-27,207,579,-36,194,575,-42
136,558,0,162,526,-4,197,512,-9,226,521,-18,245,538,-25,237,541,14,284,540,7,311,538,1,332,538,-5,234,561,2,288,564,-12,321,562,-28,346,561,-39,226,580,-11,241,563,-30,211,553,-38,191,553,-39,214,598,-28,228,583,-45,209,573,-51,195,571,-52
126,538,0,152,511,-6,184,497,-13,209,506,-25,223,523,-35,231,525,12,273,526,3,296,523,-4,311,522,-12,227,545,1,276,548,-14,301,545,-30,317,543,-40,217,565,-12,234,550,-30,206,539,-37,186,536,-37,203,584,-29,217,568,-43,198,555,-47,182,551,-47
481,500,0,462,532,3,435,551,4,413,552,1,402,546,-1,392,533,19,360,536,16,339,537,10,323,538,5,387,512,10,349,517,6,325,522,-4,308,525,-13,389,491,0,378,505,-1,395,512,-4,410,515,-7,396,470,-11,389,482,-13,398,491,-15,407,497,-16
120,528,0,149,500,-1,180,485,-6,204,487,-18,216,503,-31,223,515,20,264,517,7,289,518,-10,308,519,-23,219,534,8,234,527,-15,204,521,-35,180,518,-43,212,554,-5,223,542,-27,195,532,-40,174,527,-44,202,572,-21,217,564,-32,201,551,-37,186,544,-40
127,529,0,152,501,-7,183,485,-12,207,491,-21,216,508,-30,226,514,15,263,514,7,283,512,0,297,514,-7,223,534,6,265,534,-6,288,532,-23,301,530,-33,214,554,-6,232,541,-24,209,529,-33,190,524,-36,203,573,-21,218,561,-35,203,548,-41,188,542,-43
126,518,0,154,491,-4,185,479,-8,209,484,-17,220,501,-25,223,507,19,257,504,12,277,502,3,293,503,-4,221,526,9,262,527,-4,285,523,-21,301,520,-32,212,545,-3,233,536,-21,210,522,-29,190,518,-31,198,564,-19,218,556,-33,206,543,-38,192,537,-38
125,524,0,152,496,-4,182,482,-10,205,488,-20,219,504,-29,226,508,18,264,504,10,288,501,0,309,501,-7,223,528,6,267,530,-7,293,528,-25,312,527,-37,213,548,-7,233,535,-27,207,523,-35,187,520,-37,200,568,-24,219,556,-40,203,542,-45,188,538,-46
127,524,0,152,496,-8,183,481,-15,205,489,-25,216,507,-36,229,508,11,267,504,1,291,501,-9,310,500,-18,225,529,2,269,532,-14,295,529,-32,312,527,-44,216,549,-11,233,536,-30,208,523,-39,188,518,-41,203,569,-26,219,558,-42,205,544,-48,191,537,-49
128,540,0,153,510,-10,183,495,-20,206,501,-34,220,518,-46,227,518,3,270,509,-10,294,503,-22,315,500,-32,225,540,-7,274,544,-29,305,542,-48,330,541,-61,215,560,-20,238,551,-44,211,536,-52,190,530,-52,201,579,-36,223,571,-55,209,556,-59,194,547,-59
488,509,0,476,544,-15,450,564,-31,430,563,-47,416,558,-62,403,552,-38,351,568,-59,319,574,-75,292,577,-88,398,526,-40,339,521,-66,299,519,-86,267,516,-101,401,503,-42,388,506,-55,411,513,-57,428,517,-57,407,482,-47,401,485,-55,414,492,-56,425,499,-56
125,549,0,152,521,-9,180,508,-19,203,512,-33,219,527,-46,225,528,5,267,516,-6,291,508,-18,310,503,-28,222,551,-4,269,562,-24,298,566,-43,322,570,-56,212,571,-17,234,564,-39,210,549,-47,190,544,-49,198,589,-33,220,582,-50,206,568,-54,191,562,-55
495,509,0,480,544,-3,454,565,-10,432,564,-18,418,555,-25,409,551,-12,365,568,-21,340,577,-29,320,582,-35,403,526,-16,355,519,-27,328,514,-38,309,510,-47,404,503,-20,395,503,-22,415,507,-21,430,509,-21,411,482,-27,405,485,-26,417,491,-25,428,496,-24
128,549,0,156,520,-11,184,507,-22,206,513,-36,220,529,-49,227,529,4,265,518,-8,288,510,-20,307,504,-29,223,552,-4,266,561,-24,291,564,-44,312,565,-58,213,572,-17,234,565,-41,209,552,-51,188,547,-53,200,590,-32,221,584,-50,206,571,-56,191,564,-58
126,561,0,156,531,-7,185,518,-14,209,525,-25,227,538,-35,227,537,11,267,525,2,290,516,-6,308,511,-14,224,560,1,272,565,-15,300,565,-32,321,565,-44,214,580,-12,236,571,-32,212,559,-42,192,555,-43,200,600,-28,220,591,-45,206,579,-51,191,574,-53
497,514,0,480,550,-1,452,571,-9,429,570,-19,415,562,-29,410,557,-15,363,576,-29,336,586,-39,315,592,-48,403,533,-23,348,531,-40,311,528,-55,283,526,-67,403,510,-31,392,512,-37,414,516,-36,430,518,-35,409,487,-41,402,491,-44,415,498,-43,426,504,-42
124,561,0,152,532,-5,183,518,-12,209,525,-23,228,541,-33,224,537,10,267,522,2,293,513,-6,315,508,-14,223,560,0,271,560,-15,303,559,-32,328,560,-45,215,581,-13,232,564,-30,205,554,-38,184,555,-39,203,601,-29,220,587,-44,204,577,-49,190,575,-50
496,522,0,479,560,0,451,581,-5,426,580,-12,412,568,-18,411,563,-22,363,579,-36,336,590,-44,315,597,-50,404,538,-28,346,532,-45,308,531,-55,281,530,-62,406,516,-32,387,515,-36,403,520,-29,417,523,-24,413,495,-38,400,495,-37,411,502,-31,422,508,-27
124,570,0,150,538,-7,181,523,-13,207,529,-23,225,545,-33,223,544,14,265,529,6,289,521,-2,308,517,-9,222,567,4,269,574,-10,300,578,-28,324,584,-41,215,588,-9,229,575,-28,202,564,-37,182,563,-40,204,607,-25,219,595,-41,203,583,-47,188,579,-49
124,575,0,151,545,-8,184,531,-13,210,539,-22,224,557,-30,228,554,19,266,546,13,286,540,6,299,536,0,227,575,10,271,576,-1,292,574,-18,305,573,-29,219,595,-3,233,582,-18,209,571,-29,188,568,-33,207,615,-19,221,605,-32,207,592,-39,193,585,-42
125,576,0,151,546,-9,181,531,-18,205,540,-32,220,559,-44,230,553,2,281,546,-11,313,542,-24,341,542,-37,227,575,-8,279,574,-30,316,574,-54,345,575,-71,219,596,-22,233,580,-47,202,570,-60,179,567,-64,208,616,-38,222,601,-59,203,588,-68,186,583,-71
486,543,0,467,580,-5,439,601,-16,418,602,-26,405,590,-36,396,579,-34,338,582,-48,304,583,-59,276,581,-68,394,554,-38,330,559,-55,291,561,-67,261,563,-78,396,531,-39,379,546,-41,400,553,-35,415,555,-32,402,510,-43,393,522,-41,408,530,-36,420,534,-33
119,579,0,154,550,-9,185,537,-14,212,545,-25,227,563,-35,228,568,28,264,566,22,280,557,10,291,552,0,224,586,19,264,584,4,275,573,-21,276,564,-37,216,605,5,236,592,-14,214,578,-35,190,574,-45,205,624,-10,227,614,-26,213,599,-39,195,591,-46
123,553,0,156,522,0,190,511,2,216,521,-1,232,536,-5,225,538,38,260,538,37,284,535,31,303,535,24,222,556,26,260,554,21,281,547,4,294,543,-8,215,576,11,229,560,-2,202,549,-17,179,547,-24,207,596,-5,221,581,-18,203,569,-28,186,565,-33
479,518,0,463,550,-3,441,571,-10,423,574,-20,409,567,-27,391,553,-6,344,557,-13,320,559,-19,303,560,-26,388,530,-12,335,533,-23,307,534,-34,286,534,-42,391,507,-18,379,517,-21,401,523,-20,415,525,-20,399,484,-26,390,494,-28,402,502,-27,412,508,-26
123,554,0,153,523,-1,183,509,-5,208,514,-15,216,529,-26,224,538,27,264,540,16,284,537,0,299,533,-12,219,557,16,236,549,-6,205,543,-29,181,540,-38,213,577,2,225,565,-20,196,555,-38,174,552,-45,205,595,-13,220,587,-25,203,576,-34,186,571,-39
124,527,0,155,497,-1,186,485,-3,211,492,-11,222,510,-20,225,514,31,264,515,24,278,509,13,285,505,3,221,532,20,252,528,4,238,519,-16,221,514,-26,214,551,6,232,539,-10,209,528,-26,186,524,-33,205,570,-9,224,559,-19,210,546,-27,193,540,-32
481,495,0,460,529,-9,432,552,-24,410,558,-40,390,555,-56,384,533,-20,336,534,-38,308,534,-54,287,534,-66,384,510,-27,334,511,-48,309,512,-65,289,513,-78,390,485,-34,373,489,-46,393,495,-46,409,499,-46,400,462,-45,389,466,-52,401,474,-51,413,481,-50
126,527,0,155,499,0,187,488,-3,212,495,-14,226,512,-24,227,518,30,264,520,21,275,512,11,280,506,2,222,536,16,255,530,-2,238,519,-20,219,513,-28,214,554,0,233,538,-17,205,526,-30,183,525,-33,204,572,-17,222,557,-27,205,544,-33,188,542,-35
126,527,0,155,499,-1,188,488,-6,214,497,-18,229,514,-30,227,517,27,264,519,17,282,515,4,294,513,-6,221,535,15,250,528,-6,228,517,-25,207,512,-32,214,554,0,229,540,-20,201,527,-32,180,526,-35,203,572,-17,220,559,-28,203,546,-33,186,543,-35
464,486,0,443,521,1,415,543,2,392,547,0,378,544,-1,369,523,14,330,527,10,306,530,5,285,532,0,367,501,6,322,506,0,294,511,-9,273,516,-17,372,478,-1,357,483,-6,375,488,-8,388,492,-8,381,456,-11,371,459,-15,382,467,-16,391,475,-16
156,532,0,185,503,-5,218,489,-16,242,496,-31,259,510,-45,259,511,0,305,504,-15,332,498,-27,356,493,-37,255,535,-13,305,532,-36,334,526,-54,361,520,-66,245,556,-28,262,540,-53,233,529,-59,213,525,-58,231,576,-46,245,559,-65,225,548,-68,209,545,-67
432,476,0,392,455,2,361,450,0,335,455,-1,320,474,-3,335,476,-6,299,488,-5,281,495,-3,270,500,-1,342,496,-8,301,506,-9,276,513,-6,258,519,-5,353,514,-9,315,521,-8,294,528,-4,279,533,-1,367,530,-9,335,539,-8,320,544,-4,308,545,-2
180,536,0,213,505,-14,247,491,-22,277,495,-32,302,497,-42,287,502,10,317,493,3,332,491,-5,340,491,-13,289,525,5,324,521,-6,340,522,-24,348,521,-36,283,547,-4,302,545,-20,294,537,-36,284,529,-46,269,569,-15,281,568,-30,273,559,-40,264,549,-47
182,536,0,211,504,-11,244,490,-15,272,492,-22,288,490,-28,281,499,10,312,490,5,325,488,0,332,487,-3,285,520,5,325,515,-2,340,517,-15,349,519,-23,279,542,-2,305,539,-16,292,534,-27,280,531,-32,266,565,-13,282,562,-24,270,554,-30,258,547,-33
194,534,0,236,526,17,268,524,15,290,513,4,310,495,-5,278,566,27,294,553,18,300,533,9,302,517,3,271,576,9,293,569,-5,285,548,-19,274,532,-26,262,588,-10,288,591,-17,284,572,-21,276,556,-24,253,601,-29,286,624,-32,307,637,-35,325,647,-39
195,542,0,234,529,11,266,525,9,290,514,0,309,493,-8,280,563,33,298,552,26,303,539,16,304,528,11,273,577,19,294,577,3,277,560,-13,261,547,-20,265,594,3,288,599,-7,275,582,-16,262,569,-20,257,611,-13,290,633,-18,309,646,-24,326,657,-29
187,499,0,225,502,-17,265,495,-21,294,489,-24,319,490,-24,283,500,5,311,493,0,334,492,-5,355,493,-9,272,487,10,294,456,2,301,449,-6,307,449,-9,260,474,13,272,441,3,264,446,0,259,456,0,247,462,12,256,438,6,255,440,4,256,446,4
422,487,0,392,502,-7,361,510,-15,339,519,-25,322,531,-36,338,473,-8,316,463,-18,301,461,-27,291,464,-32,348,457,-14,328,445,-26,320,444,-35,315,448,-40,364,443,-20,346,429,-31,339,426,-38,334,427,-42,384,430,-28,370,413,-37,361,404,-42,353,398,-46
425,495,0,392,506,-6,358,509,-15,335,517,-28,317,533,-40,338,467,-4,312,452,-17,304,456,-28,304,466,-35,348,452,-12,327,436,-31,328,445,-46,333,458,-54,363,437,-22,342,418,-37,341,425,-49,342,436,-55,381,424,-33,363,397,-44,350,384,-53,339,377,-59
193,503,0,224,466,7,265,440,9,298,422,9,319,409,7,267,473,13,295,468,19,305,471,23,313,472,23,263,494,8,289,490,16,287,490,16,284,488,13,258,515,4,292,517,7,308,516,2,322,511,-4,250,534,0,276,549,3,294,567,2,313,579,-1
418,537,0,383,549,-1,345,552,-10,321,563,-22,307,582,-35,331,506,1,308,493,-10,300,499,-21,298,507,-28,341,492,-9,323,480,-25,322,490,-39,324,501,-48,355,479,-22,335,461,-34,330,465,-45,328,473,-53,373,466,-36,354,439,-45,339,420,-53,325,407,-60
198,510,0,230,529,23,267,545,29,291,563,31,303,583,32,293,508,19,317,496,28,327,488,29,338,485,28,286,488,8,287,472,26,269,476,32,258,484,30,273,470,0,278,455,20,260,461,27,249,470,26,261,451,-8,291,430,3,307,417,6,322,408,5
436,527,0,402,547,13,363,559,17,344,575,13,337,593,9,344,516,37,313,504,38,295,497,31,283,493,25,354,503,22,335,502,19,350,509,7,366,515,1,366,487,6,343,485,1,344,493,-11,348,502,-19,379,472,-10,355,448,-13,339,433,-21,323,422,-29
64,457,0,77,489,6,98,526,1,106,553,-9,97,576,-20,139,514,-3,184,520,-13,211,525,-22,231,529,-29,145,493,-15,167,480,-21,142,472,-20,124,472,-19,146,468,-28,165,457,-30,146,452,-26,129,453,-24,145,443,-42,180,448,-46,205,450,-49,227,454,-51
524,486,0,503,520,0,474,551,-2,462,578,-11,465,602,-21,437,523,22,399,525,14,375,523,2,355,522,-7,437,502,12,410,502,-2,429,499,-19,447,497,-26,438,479,0,410,478,-11,424,477,-24,440,479,-29,442,457,-13,407,451,-20,388,448,-28,372,447,-33
157,475,0,177,521,26,200,549,46,214,573,59,221,593,73,236,529,64,256,533,84,262,534,94,262,536,100,240,506,56,260,504,78,254,502,84,242,503,89,241,484,48,260,481,66,254,482,71,245,484,74,240,461,41,260,458,55,267,458,61,270,460,65
420,503,0,396,534,-2,362,555,-2,341,575,-6,334,600,-12,342,523,24,315,524,24,303,526,20,295,526,16,344,505,16,309,499,17,290,500,7,277,501,-1,349,487,6,316,479,3,299,482,-9,289,486,-18,358,471,-5,332,464,-11,323,470,-18,318,478,-25
203,487,0,234,529,4,261,552,10,281,572,11,297,590,14,274,524,47,293,535,58,298,546,61,298,557,63,275,503,45,299,511,58,301,521,57,299,531,58,275,484,40,300,490,53,301,499,55,298,508,57,274,466,33,300,465,45,307,473,51,309,483,55
415,501,0,394,533,-4,360,557,-7,339,577,-13,332,602,-21,333,527,18,307,529,17,293,532,11,281,532,5,335,508,11,306,509,8,295,512,-2,288,515,-11,340,489,1,313,489,-4,301,495,-17,294,501,-27,348,470,-10,326,469,-17,322,476,-25,321,485,-31
417,500,0,394,531,-2,359,555,-5,338,577,-13,333,600,-22,328,524,27,303,525,22,295,526,12,289,524,3,331,507,17,310,506,5,326,511,-12,341,514,-21,337,488,5,318,487,-7,335,495,-21,353,501,-28,345,468,-8,324,467,-16,334,477,-23,347,486,-27
204,486,0,238,528,3,265,551,11,284,571,15,297,588,20,275,529,60,295,538,78,303,548,84,308,557,89,275,508,61,298,511,83,306,516,87,308,523,91,274,487,57,299,489,78,307,493,84,310,497,87,273,466,52,296,462,69,307,468,77,314,475,83
416,499,0,392,529,0,359,554,0,339,576,-4,332,600,-8,342,527,19,312,526,20,297,523,17,286,519,14,343,509,12,310,502,14,295,499,7,284,496,0,347,490,4,318,482,3,313,480,-3,311,480,-9,353,470,-4,329,464,-7,325,465,-11,325,469,-14
415,499,0,389,531,0,358,556,0,340,578,-2,333,601,-5,339,526,28,310,523,32,293,520,30,280,517,28,341,508,22,310,501,29,293,499,25,282,499,20,346,488,14,317,481,18,306,482,13,298,484,8,353,469,3,331,462,5,324,464,3,321,467,1
207,483,0,236,525,2,261,549,9,281,568,13,293,586,17,277,526,54,300,532,70,310,535,77,317,539,82,278,506,54,302,508,76,314,510,81,320,513,85,277,486,50,301,487,70,312,488,77,318,490,80,274,465,44,297,461,61,308,464,69,317,468,75
412,499,0,387,531,-3,358,556,-4,342,579,-8,338,603,-13,345,525,21,326,526,21,323,527,17,324,525,13,348,506,17,323,503,17,326,501,7,333,500,0,351,486,11,327,481,10,329,481,1,335,483,-5,355,466,4,334,460,4,332,461,0,333,465,-4
205,481,0,235,523,4,261,546,11,279,567,15,290,586,19,277,524,49,302,531,62,311,538,67,315,544,71,278,504,48,305,509,64,316,515,67,319,523,69,278,483,44,305,487,59,314,494,63,317,501,65,277,462,38,301,461,51,310,471,57,314,480,61
416,501,0,393,532,-4,363,556,-6,337,570,-10,314,577,-15,343,530,6,311,529,6,292,527,4,277,523,2,344,510,4,312,507,5,291,503,1,276,500,-2,349,491,0,318,486,0,301,484,-4,291,484,-8,355,471,-4,333,466,-6,322,467,-8,315,470,-10
208,482,0,232,528,8,257,550,16,283,562,21,309,569,27,275,528,44,301,536,64,306,537,76,305,537,83,277,505,44,305,512,64,308,517,72,304,520,78,277,483,43,304,488,62,308,494,70,305,499,76,278,461,41,303,462,56,309,468,66,309,474,73
413,501,0,390,534,3,361,555,6,336,567,6,313,576,6,342,524,35,315,523,44,298,524,48,288,521,49,343,506,31,312,503,43,295,502,44,287,500,44,347,487,25,317,482,35,308,484,37,306,486,37,351,468,17,328,463,24,322,466,27,320,471,29
209,484,0,233,528,4,258,550,11,284,563,14,307,571,17,275,536,37,305,546,47,322,550,50,336,553,50,278,513,36,307,523,44,308,530,42,303,535,43,280,492,34,305,501,41,303,511,40,295,516,41,281,469,31,306,474,37,307,483,40,302,490,43
416,502,0,394,534,5,365,555,7,338,559,8,319,548,9,340,525,9,312,520,15,303,519,21,301,519,25,342,507,5,311,501,10,300,501,14,297,501,16,347,488,0,316,482,5,305,484,8,304,487,10,354,468,-3,329,464,0,318,467,3,315,472,5
207,486,0,226,523,17,248,540,32,270,547,41,288,548,51,271,516,54,295,520,72,305,528,82,309,532,88,275,498,48,303,501,67,311,511,73,311,519,78,277,480,41,305,482,56,311,493,62,310,503,66,277,462,34,302,459,46,311,468,52,313,479,57
417,516,0,393,546,-8,361,566,-12,334,569,-17,317,559,-23,334,536,1,304,538,-4,292,542,-10,287,545,-15,336,519,-2,305,516,-11,296,519,-21,295,524,-28,343,502,-9,313,496,-20,304,500,-31,305,508,-39,354,483,-17,330,477,-27,322,483,-34,320,493,-40
207,498,0,222,537,14,243,557,24,264,563,29,278,560,36,272,537,30,293,542,44,294,547,54,289,549,61,276,518,24,299,521,38,301,528,46,296,532,51,277,497,19,303,498,31,307,505,38,304,511,42,275,476,13,300,470,23,307,477,29,308,485,33
417,513,0,391,546,0,362,565,1,337,570,0,320,562,0,340,531,21,311,531,24,299,538,23,294,542,21,343,515,17,311,513,18,302,520,13,301,527,8,347,499,10,316,494,9,313,505,4,318,516,0,353,481,2,328,478,1,324,487,0,327,498,-1
419,528,0,395,560,-2,365,582,-3,338,587,-6,318,576,-8,341,551,9,314,554,8,308,558,7,310,560,7,342,535,4,313,535,3,307,539,0,309,544,-4,346,517,-1,318,515,-3,309,520,-9,309,528,-14,354,497,-8,331,493,-10,322,498,-13,319,505,-16
209,507,0,224,545,20,244,564,35,263,573,45,279,576,55,272,547,53,295,554,73,305,562,85,310,566,93,276,529,47,300,536,69,310,544,80,314,550,88,278,510,41,302,515,60,312,522,72,316,528,79,278,489,34,300,489,49,311,493,59,317,499,67
426,520,0,423,564,1,405,593,9,377,607,14,352,607,21,375,582,38,355,593,48,354,596,54,362,594,58,364,563,38,343,576,44,344,578,41,353,575,41,357,544,35,331,555,37,328,559,30,335,558,28,352,523,32,328,531,33,317,538,29,314,543,28
223,501,0,202,536,9,196,566,14,205,588,17,225,596,21,229,580,18,244,609,27,235,606,37,227,596,45,247,572,12,264,599,18,254,596,25,245,584,32,265,561,7,282,587,13,274,586,19,267,577,24,282,547,2,300,571,7,296,575,14,291,571,19
224,505,0,202,540,13,196,568,23,200,589,29,217,598,37,230,579,32,240,604,45,234,607,55,227,603,62,248,571,28,259,595,39,252,600,45,245,598,51,266,560,23,278,582,32,273,588,38,268,588,43,284,547,18,297,566,27,296,575,33,292,580,38
255,492,0,220,507,3,199,527,5,194,552,4,203,569,5,221,568,13,222,590,23,222,583,30,221,571,34,242,572,10,245,592,19,245,585,23,244,572,26,263,571,6,267,591,15,267,586,18,268,575,19,285,566,2,289,587,9,289,585,14,288,577,16
256,491,0,222,507,4,200,528,4,195,553,3,204,571,2,222,562,7,221,589,13,217,580,19,216,566,24,243,566,2,243,590,7,239,582,10,239,569,13,264,566,-1,264,591,3,261,585,7,262,572,9,287,563,-5,288,588,0,284,586,4,283,575,7
259,522,0,224,534,3,199,555,3,193,580,1,203,599,0,216,590,9,217,618,14,219,611,21,221,597,25,238,594,4,244,619,9,246,612,12,247,600,14,261,595,0,266,619,5,267,615,7,268,605,9,284,593,-4,287,615,0,288,615,4,288,607,6
342,526,0,373,541,2,398,563,1,407,584,0,400,600,0,388,596,6,391,620,9,393,615,14,395,602,17,369,600,2,369,623,3,369,615,3,369,602,5,349,600,-1,348,623,0,348,617,0,349,605,1,328,597,-5,327,618,-2,329,616,0,331,608,1
258,522,0,225,536,3,201,557,3,195,581,0,205,600,0,218,589,7,220,619,11,222,611,17,223,596,21,239,593,1,244,620,4,245,612,7,246,598,9,261,594,-3,265,620,0,266,614,3,267,603,5,283,592,-9,287,616,-4,286,615,0,287,607,2
347,533,0,381,550,1,403,575,4,411,601,6,413,623,8,386,604,18,384,631,26,382,632,34,383,622,38,365,607,16,365,635,22,362,636,22,362,628,24,343,605,13,341,630,16,339,626,16,340,616,16,322,599,9,319,621,11,320,621,12,322,615,14
254,523,0,218,539,0,194,569,-1,178,597,-3,164,616,-4,209,598,3,209,641,6,209,664,7,207,682,7,228,603,1,228,646,3,226,671,2,222,689,0,250,601,0,256,630,3,259,619,9,258,607,13,272,596,-2,275,622,0,276,613,6,274,601,10
255,522,0,217,540,-1,194,570,-2,179,598,-5,163,616,-7,212,600,7,209,642,7,208,666,7,207,684,5,232,604,4,231,647,3,228,672,0,225,690,-3,254,602,1,254,631,2,252,621,6,250,609,9,276,596,-2,275,624,-1,271,616,3,268,604,8
261,522,0,226,539,2,200,570,0,178,595,-2,156,607,-5,210,597,4,206,638,3,203,662,1,201,680,0,228,602,0,224,643,-2,222,670,-7,218,689,-11,248,602,-4,249,633,-4,253,625,-2,255,614,0,270,599,-10,272,625,-9,273,619,-5,273,609,-1
334,512,0,367,528,2,393,552,2,402,577,0,398,595,0,384,590,1,387,618,5,382,610,12,379,596,16,363,596,-2,360,619,0,355,608,2,353,594,4,341,595,-5,336,617,-1,333,606,0,333,593,0,318,591,-8,313,610,-4,313,603,0,315,592,0
261,522,0,224,538,-4,198,569,-7,179,596,-11,158,607,-14,211,598,4,206,636,2,203,660,-1,200,680,-5,230,603,1,227,642,0,223,669,-9,219,688,-16,250,603,-1,250,632,-3,251,623,-6,252,610,-7,272,601,-6,272,625,-7,271,618,-7,271,608,-6
261,522,0,224,540,-8,198,572,-11,178,598,-16,156,609,-19,212,597,6,207,635,3,204,658,-1,202,677,-6,230,602,4,226,640,1,222,666,-10,218,684,-19,250,601,1,249,632,-3,250,624,-10,252,612,-14,271,599,-3,272,625,-7,271,621,-11,271,612,-12
335,511,0,370,527,5,396,553,9,404,578,12,395,596,16,380,593,9,380,617,19,379,608,29,378,595,34,359,598,7,355,616,17,354,606,23,353,593,26,336,595,6,333,613,15,334,604,18,334,592,19,315,590,4,311,606,12,313,600,16,316,591,19
262,520,0,227,535,-10,201,564,-16,180,589,-22,159,602,-27,210,593,-2,206,631,-6,205,655,-11,203,673,-15,229,598,-2,225,637,-5,224,661,-13,221,678,-20,249,599,-2,249,628,-5,252,625,-8,253,617,-11,270,597,-5,271,620,-7,273,616,-7,273,609,-7
261,519,0,226,537,-6,200,567,-11,178,592,-18,155,603,-23,212,592,0,208,633,-5,207,658,-10,204,677,-15,230,597,-4,226,638,-9,222,665,-20,218,685,-28,250,598,-8,249,627,-14,252,617,-18,253,605,-20,271,595,-14,272,620,-18,272,612,-20,272,601,-20
263,494,0,229,504,-9,205,531,-18,185,557,-24,165,572,-29,219,564,-25,213,614,-33,209,641,-37,206,664,-41,238,569,-24,232,621,-33,228,654,-38,223,677,-43,258,569,-20,258,602,-24,261,591,-17,261,579,-13,278,565,-19,277,593,-19,278,584,-14,277,569,-10
293,430,0,258,443,-12,232,470,-25,213,494,-33,193,504,-39,266,490,-53,262,538,-63,262,563,-63,262,582,-63,293,498,-46,286,553,-54,279,581,-49,276,602,-47,313,503,-35,291,544,-33,280,535,-17,278,522,-7,326,505,-26,304,539,-18,290,536,-6,285,529,1
